0.1283230782,1.0380000000,0.5373750000,0.5373750000
0.2283103466,1.0378125000,0.5390625000,0.5364375000
0.3283343315,1.0380000000,0.5385000000,0.5364375000
0.4287748337,1.0380000000,0.5385000000,0.5364375000
0.5282204151,1.0378125000,0.5381250000,0.5364375000
0.6282091141,1.0378125000,0.5388750000,0.5364375000
0.7283334732,1.0378125000,0.5385000000,0.5360625000
0.8281977177,1.0378125000,0.5394375000,0.5360625000
0.9284250736,1.0378125000,0.5394375000,0.5360625000
1.0283551216,1.0378125000,0.5383125000,0.5360625000
1.1284282207,1.0378125000,0.5390625000,0.5370000000
1.2286758423,1.0378125000,0.5386875000,0.5368125000
1.3287189007,1.0378125000,0.5381250000,0.5364375000
1.4283604622,1.0378125000,0.5385000000,0.5370000000
1.5297312737,1.0378125000,0.5394375000,0.5364375000
1.6285195351,1.0378125000,0.5377500000,0.5364375000
1.7286741734,1.0380000000,0.5385000000,0.5370000000
1.8286430836,1.0378125000,0.5385000000,0.5364375000
1.9287145138,1.0380000000,0.5394375000,0.5364375000
2.0285880566,1.0378125000,0.5385000000,0.5364375000
2.1284754276,1.0380000000,0.5388750000,0.5370000000
2.2282924652,1.0378125000,0.5388750000,0.5364375000
2.3282976151,1.0380000000,0.5392500000,0.5370000000
2.4283061028,1.0378125000,0.5388750000,0.5364375000
2.5287489891,1.0378125000,0.5385000000,0.5364375000
2.6287839413,1.0378125000,0.5385000000,0.5364375000
2.7284691334,1.0380000000,0.5386875000,0.5364375000
2.8286631107,1.0378125000,0.5385000000,0.5364375000
2.9283738136,1.0380000000,0.5385000000,0.5364375000
3.0284261703,1.0378125000,0.5390625000,0.5364375000
3.1283392906,1.0380000000,0.5383125000,0.5364375000
3.2283086777,1.0380000000,0.5392500000,0.5364375000
3.3283340931,1.0378125000,0.5381250000,0.5364375000
3.4282777309,1.0380000000,0.5390625000,0.5364375000
3.5283501148,1.0380000000,0.5385000000,0.5364375000
3.6284708977,1.0380000000,0.5390625000,0.5364375000
3.7284848690,1.0380000000,0.5388750000,0.5364375000
3.8284983635,1.0380000000,0.5385000000,0.5364375000
3.9285113811,1.0380000000,0.5381250000,0.5364375000
4.0284786224,1.0380000000,0.5388750000,0.5360625000
4.1283333302,1.0380000000,0.5381250000,0.5373750000
4.2282736301,1.0378125000,0.5385000000,0.5364375000
4.3320529461,1.0380000000,0.5394375000,0.5364375000
4.4284031391,1.0380000000,0.5385000000,0.5368125000
4.5285978317,1.0380000000,0.5383125000,0.5360625000
4.6285974979,1.0380000000,0.5385000000,0.5373750000
4.7287068367,1.0380000000,0.5385000000,0.5364375000
4.8284630775,1.0380000000,0.5381250000,0.5373750000
4.9285881519,1.0378125000,0.5390625000,0.5368125000
5.0285429955,1.0380000000,0.5390625000,0.5368125000
5.1286735535,1.0380000000,0.5385000000,0.5373750000
5.2285079956,1.0380000000,0.5385000000,0.5373750000
5.3284564018,1.0380000000,0.5385000000,0.5368125000
5.4283611774,1.0380000000,0.5385000000,0.5373750000
5.5284826756,1.0380000000,0.5385000000,0.5368125000
5.6286888123,1.0380000000,0.5390625000,0.5368125000
5.7285525799,1.0380000000,0.5385000000,0.5373750000
5.8284952641,1.0380000000,0.5388750000,0.5373750000
5.9284822941,1.0380000000,0.5385000000,0.5368125000
6.0286655426,1.0380000000,0.5385000000,0.5368125000
6.1284441948,1.0380000000,0.5381250000,0.5373750000
6.2286190987,1.0380000000,0.5385000000,0.5368125000
6.3283607960,1.0380000000,0.5385000000,0.5368125000
6.4287419319,1.0380000000,0.5381250000,0.5368125000
6.5287630558,1.0380000000,0.5390625000,0.5368125000
6.6288254261,1.0380000000,0.5377500000,0.5368125000
6.7290036678,1.0380000000,0.5390625000,0.5368125000
6.8285391331,1.0380000000,0.5383125000,0.5373750000
6.9285871983,1.0380000000,0.5385000000,0.5368125000
7.0284869671,1.0380000000,0.5385000000,0.5368125000
7.1283216476,1.0380000000,0.5385000000,0.5373750000
7.2284679413,1.0380000000,0.5385000000,0.5364375000
7.3284089565,1.0380000000,0.5381250000,0.5368125000
7.4284551144,1.0380000000,0.5381250000,0.5373750000
7.5285255909,1.0380000000,0.5381250000,0.5368125000
7.6285738945,1.0380000000,0.5385000000,0.5368125000
7.7284967899,1.0381875000,0.5385000000,0.5368125000
7.8284814358,1.0381875000,0.5385000000,0.5368125000
7.9285149574,1.0380000000,0.5385000000,0.5373750000
8.0285575390,1.0381875000,0.5385000000,0.5364375000
8.1283824444,1.0380000000,0.5385000000,0.5373750000
8.2283701897,1.0380000000,0.5385000000,0.5373750000
8.3284602165,1.0380000000,0.5385000000,0.5373750000
8.4285206795,1.0380000000,0.5381250000,0.5373750000
8.5285849571,1.0380000000,0.5385000000,0.5373750000
8.6285893917,1.0381875000,0.5385000000,0.5368125000
8.7284929752,1.0381875000,0.5385000000,0.5373750000
8.8285539150,1.0380000000,0.5386875000,0.5373750000
8.9285712242,1.0380000000,0.5385000000,0.5373750000
9.0285935402,1.0380000000,0.5385000000,0.5364375000
9.1284897327,1.0381875000,0.5390625000,0.5373750000
9.2282998562,1.0381875000,0.5385000000,0.5368125000
9.3282883167,1.0381875000,0.5385000000,0.5364375000
9.4285311699,1.0381875000,0.5385000000,0.5368125000
9.5283668041,1.0380000000,0.5385000000,0.5368125000
9.6288044453,1.0381875000,0.5390625000,0.5373750000
9.7288177013,1.0381875000,0.5375625000,0.5373750000
9.8288652897,1.0381875000,0.5377500000,0.5368125000
9.9297099113,1.0381875000,0.5381250000,0.5368125000
10.0286445618,1.0381875000,0.5381250000,0.5368125000
10.1284406185,1.0380000000,0.5385000000,0.5368125000
10.2283627987,1.0381875000,0.5385000000,0.5373750000
10.3284392357,1.0381875000,0.5385000000,0.5373750000
10.4283709526,1.0381875000,0.5381250000,0.5373750000
10.5290517807,1.0381875000,0.5385000000,0.5368125000
10.6284599304,1.0381875000,0.5390625000,0.5368125000
10.7286131382,1.0381875000,0.5390625000,0.5373750000
10.8285105228,1.0380000000,0.5390625000,0.5364375000
10.9285573959,1.0381875000,0.5390625000,0.5373750000
11.0285446644,1.0381875000,0.5390625000,0.5373750000
11.1292192936,1.0381875000,0.5381250000,0.5373750000
11.2283558846,1.0381875000,0.5385000000,0.5368125000
11.3284211159,1.0381875000,0.5375625000,0.5368125000
11.4283630848,1.0381875000,0.5385000000,0.5373750000
11.5285804272,1.0381875000,0.5383125000,0.5373750000
11.6285338402,1.0381875000,0.5388750000,0.5373750000
11.7285869122,1.0381875000,0.5390625000,0.5368125000
11.8285298347,1.0381875000,0.5386875000,0.5368125000
11.9286119938,1.0381875000,0.5388750000,0.5373750000
12.0285558701,1.0381875000,0.5383125000,0.5373750000
12.1283903122,1.0381875000,0.5386875000,0.5373750000
12.2283804417,1.0381875000,0.5386875000,0.5373750000
12.3283321857,1.0381875000,0.5390625000,0.5368125000
12.4282906055,1.0381875000,0.5385000000,0.5373750000
12.5284419060,1.0381875000,0.5383125000,0.5373750000
12.6284103394,1.0381875000,0.5381250000,0.5364375000
12.7285580635,1.0381875000,0.5381250000,0.5373750000
12.8284533024,1.0381875000,0.5386875000,0.5364375000
12.9284906387,1.0381875000,0.5385000000,0.5368125000
13.0285384655,1.0381875000,0.5377500000,0.5373750000
13.1283714771,1.0381875000,0.5379375000,0.5373750000
13.2283523083,1.0381875000,0.5377500000,0.5373750000
13.3284235001,1.0381875000,0.5381250000,0.5364375000
13.4284079075,1.0381875000,0.5385000000,0.5373750000
13.5284795761,1.0383750000,0.5383125000,0.5368125000
13.6285123825,1.0381875000,0.5379375000,0.5368125000
13.7285602093,1.0383750000,0.5385000000,0.5368125000
13.8285424709,1.0381875000,0.5385000000,0.5368125000
13.9285368919,1.0381875000,0.5385000000,0.5368125000
14.0285644531,1.0381875000,0.5385000000,0.5368125000
14.1284413338,1.0383750000,0.5381250000,0.5368125000
14.2284061909,1.0381875000,0.5381250000,0.5364375000
14.3284525871,1.0381875000,0.5381250000,0.5368125000
14.4283671379,1.0381875000,0.5377500000,0.5366250000
14.5285401344,1.0381875000,0.5390625000,0.5368125000
14.6289918423,1.0381875000,0.5386875000,0.5366250000
14.7286043167,1.0383750000,0.5390625000,0.5368125000
14.8285865784,1.0381875000,0.5381250000,0.5366250000
14.9286000729,1.0381875000,0.5377500000,0.5371875000
15.0285050869,1.0381875000,0.5381250000,0.5364375000
15.1284148693,1.0381875000,0.5385000000,0.5366250000
15.2283310890,1.0381875000,0.5385000000,0.5368125000
15.3284113407,1.0381875000,0.5373750000,0.5368125000
15.4283611774,1.0381875000,0.5386875000,0.5370000000
15.5286698341,1.0381875000,0.5386875000,0.5364375000
15.6286113262,1.0381875000,0.5385000000,0.5364375000
15.7285571098,1.0381875000,0.5377500000,0.5362500000
15.8287465572,1.0381875000,0.5381250000,0.5364375000
15.9286036491,1.0381875000,0.5377500000,0.5360625000
16.0286152363,1.0383750000,0.5377500000,0.5360625000
16.1283180714,1.0383750000,0.5381250000,0.5364375000
16.2283437252,1.0381875000,0.5381250000,0.5366250000
16.3283944130,1.0381875000,0.5377500000,0.5360625000
16.4283659458,1.0381875000,0.5381250000,0.5368125000
16.5286970139,1.0381875000,0.5381250000,0.5368125000
16.6284527779,1.0381875000,0.5381250000,0.5360625000
16.7285556793,1.0381875000,0.5377500000,0.5360625000
16.8285858631,1.0383750000,0.5377500000,0.5364375000
16.9285433292,1.0381875000,0.5381250000,0.5368125000
17.0286891460,1.0383750000,0.5381250000,0.5364375000
17.1286132336,1.0381875000,0.5381250000,0.5364375000
17.2327561378,1.0381875000,0.5390625000,0.5362500000
17.3380646706,1.0381875000,0.5390625000,0.5360625000
17.4317700863,1.0383750000,0.5390625000,0.5360625000
17.5336241722,1.0381875000,0.5381250000,0.5362500000
17.6288678646,1.0381875000,0.5377500000,0.5362500000
17.7286636829,1.0383750000,0.5381250000,0.5360625000
17.8288879395,1.0381875000,0.5377500000,0.5364375000
17.9287967682,1.0381875000,0.5381250000,0.5362500000
18.0286183357,1.0381875000,0.5381250000,0.5364375000
18.1287500858,1.0381875000,0.5381250000,0.5360625000
18.2284913063,1.0383750000,0.5381250000,0.5353125000
18.3284635544,1.0383750000,0.5377500000,0.5360625000
18.4288582802,1.0381875000,0.5386875000,0.5360625000
18.5288960934,1.0381875000,0.5386875000,0.5360625000
18.6287837029,1.0381875000,0.5381250000,0.5356875000
18.7287139893,1.0381875000,0.5390625000,0.5356875000
18.8286337852,1.0381875000,0.5390625000,0.5356875000
18.9286160469,1.0383750000,0.5377500000,0.5360625000
19.0284469128,1.0383750000,0.5381250000,0.5358750000
19.1284120083,1.0381875000,0.5386875000,0.5366250000
19.2283265591,1.0383750000,0.5381250000,0.5368125000
19.3283293247,1.0381875000,0.5390625000,0.5360625000
19.4283368587,1.0383750000,0.5377500000,0.5358750000
19.5284490585,1.0383750000,0.5381250000,0.5368125000
19.6285779476,1.0383750000,0.5390625000,0.5356875000
19.7285280228,1.0383750000,0.5381250000,0.5360625000
19.8285303116,1.0383750000,0.5381250000,0.5358750000
19.9285111427,1.0381875000,0.5381250000,0.5366250000
20.0285089016,1.0381875000,0.5377500000,0.5371875000
20.1283216476,1.0383750000,0.5381250000,0.5362500000
20.2283315659,1.0381875000,0.5386875000,0.5358750000
20.3283221722,1.0383750000,0.5381250000,0.5360625000
20.4283332825,1.0381875000,0.5381250000,0.5360625000
20.5286047459,1.0383750000,0.5381250000,0.5368125000
20.6284644604,1.0383750000,0.5381250000,0.5368125000
20.7285454273,1.0383750000,0.5381250000,0.5356875000
20.8285336494,1.0383750000,0.5385000000,0.5356875000
20.9284701347,1.0383750000,0.5381250000,0.5355000000
21.0284397602,1.0383750000,0.5390625000,0.5364375000
21.1283862591,1.0383750000,0.5381250000,0.5360625000
21.2283527851,1.0383750000,0.5385000000,0.5360625000
21.3282785416,1.0383750000,0.5390625000,0.5356875000
21.4283671379,1.0383750000,0.5385000000,0.5366250000
21.5285136700,1.0383750000,0.5377500000,0.5360625000
21.6284883022,1.0383750000,0.5381250000,0.5368125000
21.7284345627,1.0385625000,0.5385000000,0.5356875000
21.8284747601,1.0383750000,0.5390625000,0.5364375000
21.9285867214,1.0383750000,0.5390625000,0.5360625000
22.0284583569,1.0383750000,0.5390625000,0.5360625000
22.1283893585,1.0385625000,0.5385000000,0.5360625000
22.2284169197,1.0383750000,0.5385000000,0.5360625000
22.3283619881,1.0383750000,0.5385000000,0.5362500000
22.4283795357,1.0383750000,0.5381250000,0.5360625000
22.5284144878,1.0383750000,0.5385000000,0.5353125000
22.6284615993,1.0383750000,0.5385000000,0.5364375000
22.7284121513,1.0383750000,0.5386875000,0.5364375000
22.8283843994,1.0383750000,0.5385000000,0.5358750000
22.9284751415,1.0383750000,0.5385000000,0.5360625000
23.0284638405,1.0383750000,0.5385000000,0.5360625000
23.1283881664,1.0383750000,0.5377500000,0.5356875000
23.2283582687,1.0383750000,0.5385000000,0.5364375000
23.3283567429,1.0383750000,0.5385000000,0.5360625000
23.4321873188,1.0383750000,0.5385000000,0.5360625000
23.5288896561,1.0383750000,0.5385000000,0.5368125000
23.6285758018,1.0383750000,0.5390625000,0.5355000000
23.7285668850,1.0383750000,0.5385000000,0.5364375000
23.8285343647,1.0383750000,0.5390625000,0.5364375000
23.9293198586,1.0383750000,0.5385000000,0.5360625000
24.0285024643,1.0383750000,0.5385000000,0.5358750000
24.1284675598,1.0383750000,0.5385000000,0.5364375000
24.2283451557,1.0385625000,0.5385000000,0.5356875000
24.3283605576,1.0383750000,0.5385000000,0.5364375000
24.4283685684,1.0383750000,0.5385000000,0.5362500000
24.5285947323,1.0383750000,0.5385000000,0.5356875000
24.6285772324,1.0383750000,0.5390625000,0.5362500000
24.7285926342,1.0383750000,0.5390625000,0.5366250000
24.8285827637,1.0383750000,0.5385000000,0.5368125000
24.9285817146,1.0383750000,0.5385000000,0.5366250000
25.0287337303,1.0383750000,0.5385000000,0.5362500000
25.1284317970,1.0383750000,0.5385000000,0.5353125000
25.2284636497,1.0383750000,0.5381250000,0.5360625000
25.3284163475,1.0383750000,0.5390625000,0.5356875000
25.4284384251,1.0383750000,0.5385000000,0.5368125000
25.5286490917,1.0383750000,0.5390625000,0.5368125000
25.6285459995,1.0383750000,0.5385000000,0.5360625000
25.7285494804,1.0383750000,0.5390625000,0.5356875000
25.8285787106,1.0383750000,0.5381250000,0.5368125000
25.9287519455,1.0383750000,0.5394375000,0.5362500000
26.0286753178,1.0383750000,0.5394375000,0.5368125000
26.1284286976,1.0383750000,0.5385000000,0.5356875000
26.2283968925,1.0385625000,0.5381250000,0.5360625000
26.3285558224,1.0383750000,0.5385000000,0.5360625000
26.4284307957,1.0383750000,0.5381250000,0.5358750000
26.5286076069,1.0383750000,0.5390625000,0.5356875000
26.6285107136,1.0385625000,0.5381250000,0.5356875000
26.7285654545,1.0385625000,0.5394375000,0.5362500000
26.8286206722,1.0385625000,0.5390625000,0.5356875000
26.9292008877,1.0385625000,0.5385000000,0.5356875000
27.0285894871,1.0383750000,0.5394375000,0.5360625000
27.1284224987,1.0383750000,0.5394375000,0.5360625000
27.2283687592,1.0383750000,0.5394375000,0.5360625000
27.3283882141,1.0385625000,0.5385000000,0.5356875000
27.4283890724,1.0383750000,0.5394375000,0.5368125000
27.5285465717,1.0385625000,0.5394375000,0.5360625000
27.6285464764,1.0385625000,0.5394375000,0.5360625000
27.7285718918,1.0385625000,0.5390625000,0.5356875000
27.8285996914,1.0385625000,0.5394375000,0.5355000000
27.9286105633,1.0385625000,0.5394375000,0.5362500000
28.0286221504,1.0385625000,0.5394375000,0.5360625000
28.1284816265,1.0385625000,0.5394375000,0.5360625000
28.2284870148,1.0383750000,0.5390625000,0.5358750000
28.3284325600,1.0385625000,0.5381250000,0.5368125000
28.4285342693,1.0385625000,0.5394375000,0.5351250000
28.5294535160,1.0383750000,0.5390625000,0.5360625000
28.6285822392,1.0385625000,0.5386875000,0.5360625000
28.7285284996,1.0385625000,0.5390625000,0.5356875000
28.8286991119,1.0385625000,0.5390625000,0.5360625000
28.9287419319,1.0385625000,0.5385000000,0.5360625000
29.0285124779,1.0385625000,0.5394375000,0.5351250000
29.1284353733,1.0385625000,0.5390625000,0.5360625000
29.2284123898,1.0385625000,0.5377500000,0.5368125000
29.3284327984,1.0385625000,0.5390625000,0.5360625000
29.4284632206,1.0385625000,0.5390625000,0.5364375000
29.5284943581,1.0385625000,0.5377500000,0.5360625000
29.6285765171,1.0385625000,0.5390625000,0.5360625000
29.7285766602,1.0385625000,0.5381250000,0.5364375000
29.8287816048,1.0385625000,0.5394375000,0.5360625000
29.9288265705,1.0383750000,0.5394375000,0.5360625000
30.0287079811,1.0385625000,0.5394375000,0.5360625000
30.1286613941,1.0385625000,0.5390625000,0.5360625000
30.2309648991,1.0385625000,0.5385000000,0.5364375000
30.3283865452,1.0385625000,0.5390625000,0.5360625000
30.4283964634,1.0385625000,0.5390625000,0.5360625000
30.5284245014,1.0385625000,0.5390625000,0.5360625000
30.6286172867,1.0385625000,0.5390625000,0.5360625000
30.7286190987,1.0385625000,0.5390625000,0.5360625000
30.8284759521,1.0385625000,0.5390625000,0.5360625000
30.9284939766,1.0385625000,0.5385000000,0.5360625000
31.0285117626,1.0383750000,0.5381250000,0.5360625000
31.1284422874,1.0385625000,0.5385000000,0.5360625000
31.2359261513,1.0385625000,0.5390625000,0.5368125000
31.3285021782,1.0385625000,0.5394375000,0.5360625000
31.4287588596,1.0385625000,0.5392500000,0.5360625000
31.5286328793,1.0385625000,0.5386875000,0.5364375000
31.6285383701,1.0385625000,0.5381250000,0.5360625000
31.7285587788,1.0385625000,0.5385000000,0.5364375000
31.8285355568,1.0385625000,0.5386875000,0.5360625000
31.9285578728,1.0385625000,0.5388750000,0.5360625000
32.0286200047,1.0385625000,0.5392500000,0.5364375000
32.1284384727,1.0385625000,0.5392500000,0.5364375000
32.2284226418,1.0385625000,0.5392500000,0.5360625000
32.3284466267,1.0387500000,0.5392500000,0.5364375000
32.4284546375,1.0387500000,0.5392500000,0.5360625000
32.5284569263,1.0385625000,0.5385000000,0.5364375000
32.6285407543,1.0385625000,0.5390625000,0.5364375000
32.7285401821,1.0387500000,0.5385000000,0.5360625000
32.8285465240,1.0385625000,0.5385000000,0.5370000000
32.9285213947,1.0385625000,0.5385000000,0.5370000000
33.0285639763,1.0387500000,0.5385000000,0.5364375000
33.1285269260,1.0385625000,0.5394375000,0.5370000000
33.2284307480,1.0387500000,0.5377500000,0.5364375000
33.3284618855,1.0387500000,0.5385000000,0.5370000000
33.4284679890,1.0387500000,0.5385000000,0.5370000000
33.5284447670,1.0387500000,0.5385000000,0.5370000000
33.6286137104,1.0385625000,0.5385000000,0.5364375000
33.7285666466,1.0387500000,0.5385000000,0.5360625000
33.8289182186,1.0385625000,0.5385000000,0.5364375000
33.9286670685,1.0385625000,0.5385000000,0.5364375000
34.0286011696,1.0385625000,0.5385000000,0.5364375000
34.1284682751,1.0387500000,0.5386875000,0.5364375000
34.2285199165,1.0385625000,0.5383125000,0.5364375000
34.3285474777,1.0385625000,0.5385000000,0.5364375000
34.4285807610,1.0387500000,0.5385000000,0.5364375000
34.5285794735,1.0385625000,0.5385000000,0.5364375000
34.6285433769,1.0385625000,0.5385000000,0.5364375000
34.7285857201,1.0385625000,0.5381250000,0.5364375000
34.8289172649,1.0385625000,0.5385000000,0.5364375000
34.9287185669,1.0387500000,0.5385000000,0.5364375000
35.0285727978,1.0387500000,0.5390625000,0.5364375000
35.1285376549,1.0385625000,0.5392500000,0.5364375000
35.2284908295,1.0387500000,0.5390625000,0.5364375000
35.3285000324,1.0385625000,0.5390625000,0.5364375000
35.4286324978,1.0387500000,0.5390625000,0.5364375000
35.5286803246,1.0387500000,0.5385000000,0.5364375000
35.6286172867,1.0387500000,0.5390625000,0.5364375000
35.7286801338,1.0385625000,0.5385000000,0.5364375000
35.8285641670,1.0387500000,0.5381250000,0.5368125000
35.9296889305,1.0387500000,0.5388750000,0.5364375000
36.0285897255,1.0387500000,0.5390625000,0.5368125000
36.1284527779,1.0387500000,0.5385000000,0.5364375000
36.2284798622,1.0387500000,0.5388750000,0.5368125000
36.3284792900,1.0387500000,0.5381250000,0.5373750000
36.4285101891,1.0387500000,0.5383125000,0.5364375000
36.5285999775,1.0387500000,0.5385000000,0.5368125000
36.6286194324,1.0387500000,0.5377500000,0.5373750000
36.7286012173,1.0387500000,0.5390625000,0.5364375000
36.8296203613,1.0387500000,0.5385000000,0.5368125000
36.9286034107,1.0387500000,0.5385000000,0.5368125000
37.0286664963,1.0387500000,0.5381250000,0.5368125000
37.1284968853,1.0387500000,0.5385000000,0.5368125000
37.2284898758,1.0387500000,0.5385000000,0.5364375000
37.3286237717,1.0387500000,0.5381250000,0.5368125000
37.4284899235,1.0387500000,0.5388750000,0.5368125000
37.5286362171,1.0387500000,0.5385000000,0.5373750000
37.6286566257,1.0389375000,0.5385000000,0.5368125000
37.7286047935,1.0387500000,0.5385000000,0.5373750000
37.8286349773,1.0387500000,0.5385000000,0.5368125000
37.9286730289,1.0387500000,0.5385000000,0.5368125000
38.0286030769,1.0387500000,0.5390625000,0.5368125000
38.1284866333,1.0387500000,0.5390625000,0.5368125000
38.2285449505,1.0387500000,0.5385000000,0.5368125000
38.3285307884,1.0387500000,0.5385000000,0.5368125000
38.4285273552,1.0387500000,0.5390625000,0.5368125000
38.5286035538,1.0387500000,0.5377500000,0.5368125000
38.6286065578,1.0387500000,0.5390625000,0.5364375000
38.7286658287,1.0387500000,0.5385000000,0.5368125000
38.8286168575,1.0387500000,0.5385000000,0.5373750000
38.9286057949,1.0387500000,0.5385000000,0.5373750000
39.0286300182,1.0387500000,0.5385000000,0.5368125000
39.1285331249,1.0387500000,0.5385000000,0.5368125000
39.2284893990,1.0389375000,0.5385000000,0.5368125000
39.3284771442,1.0387500000,0.5385000000,0.5368125000
39.4284732342,1.0387500000,0.5385000000,0.5368125000
39.5286505222,1.0387500000,0.5385000000,0.5373750000
39.6286087036,1.0389375000,0.5381250000,0.5368125000
39.7285676003,1.0389375000,0.5385000000,0.5368125000
39.8285846710,1.0389375000,0.5390625000,0.5364375000
39.9286520481,1.0387500000,0.5385000000,0.5368125000
40.0289406776,1.0387500000,0.5390625000,0.5373750000
40.1284403801,1.0389375000,0.5377500000,0.5368125000
40.2283768654,1.0387500000,0.5381250000,0.5364375000
40.3283963203,1.0387500000,0.5385000000,0.5373750000
40.4283876419,1.0389375000,0.5385000000,0.5373750000
40.5285377502,1.0387500000,0.5385000000,0.5368125000
40.6289658546,1.0389375000,0.5381250000,0.5373750000
40.7285826206,1.0389375000,0.5385000000,0.5368125000
40.8287625313,1.0389375000,0.5385000000,0.5370000000
40.9286229610,1.0389375000,0.5385000000,0.5373750000
41.0284917355,1.0387500000,0.5390625000,0.5368125000
41.1285054684,1.0389375000,0.5385000000,0.5373750000
41.2284760475,1.0389375000,0.5385000000,0.5368125000
41.3285028934,1.0387500000,0.5386875000,0.5368125000
41.4284920692,1.0389375000,0.5385000000,0.5368125000
41.5285720825,1.0389375000,0.5385000000,0.5373750000
41.6285893917,1.0389375000,0.5385000000,0.5368125000
41.7285208702,1.0389375000,0.5386875000,0.5368125000
41.8285307884,1.0389375000,0.5386875000,0.5373750000
41.9284529686,1.0389375000,0.5386875000,0.5373750000
42.0285279751,1.0389375000,0.5381250000,0.5373750000
42.1289045811,1.0389375000,0.5392500000,0.5373750000
42.2283835411,1.0389375000,0.5394375000,0.5368125000
42.3283634186,1.0389375000,0.5390625000,0.5368125000
42.4283404350,1.0389375000,0.5390625000,0.5368125000
42.5283496380,1.0389375000,0.5381250000,0.5368125000
42.6285216808,1.0389375000,0.5385000000,0.5373750000
42.7284576893,1.0389375000,0.5394375000,0.5364375000
42.8285119534,1.0389375000,0.5385000000,0.5373750000
42.9284987450,1.0391250000,0.5388750000,0.5368125000
43.0286297798,1.0389375000,0.5390625000,0.5373750000
43.1283855438,1.0389375000,0.5386875000,0.5373750000
43.2283792496,1.0389375000,0.5388750000,0.5368125000
43.3283617496,1.0389375000,0.5388750000,0.5373750000
43.4283857346,1.0391250000,0.5388750000,0.5373750000
43.5284523964,1.0389375000,0.5385000000,0.5373750000
43.6285362244,1.0391250000,0.5379375000,0.5368125000
43.7284550667,1.0389375000,0.5381250000,0.5368125000
43.8284983635,1.0389375000,0.5390625000,0.5373750000
43.9285676479,1.0391250000,0.5379375000,0.5364375000
44.0285565853,1.0391250000,0.5388750000,0.5373750000
44.1284081936,1.0391250000,0.5381250000,0.5373750000
44.2283720970,1.0389375000,0.5381250000,0.5364375000
44.3283534050,1.0391250000,0.5390625000,0.5364375000
44.4284272194,1.0389375000,0.5386875000,0.5373750000
44.5285141468,1.0389375000,0.5390625000,0.5373750000
44.6285297871,1.0391250000,0.5386875000,0.5373750000
44.7285099030,1.0389375000,0.5377500000,0.5373750000
44.8285193443,1.0391250000,0.5385000000,0.5368125000
44.9284892082,1.0391250000,0.5390625000,0.5368125000
45.0285034180,1.0389375000,0.5390625000,0.5373750000
45.1283671856,1.0391250000,0.5385000000,0.5373750000
45.2283875942,1.0389375000,0.5390625000,0.5364375000
45.3283674717,1.0391250000,0.5390625000,0.5373750000
45.4283483028,1.0391250000,0.5385000000,0.5373750000
45.5283739567,1.0391250000,0.5381250000,0.5373750000
45.6284084320,1.0391250000,0.5390625000,0.5368125000
45.7284834385,1.0391250000,0.5385000000,0.5373750000
45.8285479546,1.0391250000,0.5383125000,0.5368125000
45.9285233021,1.0391250000,0.5385000000,0.5368125000
46.0284700394,1.0391250000,0.5381250000,0.5368125000
46.1283946037,1.0389375000,0.5386875000,0.5368125000
46.2283296585,1.0391250000,0.5386875000,0.5368125000
46.3283884525,1.0391250000,0.5385000000,0.5368125000
46.4283449650,1.0391250000,0.5386875000,0.5364375000
46.5285446644,1.0391250000,0.5381250000,0.5368125000
46.6284947395,1.0393125000,0.5385000000,0.5364375000
46.7284851074,1.0389375000,0.5390625000,0.5368125000
46.8285233974,1.0391250000,0.5390625000,0.5368125000
46.9285237789,1.0393125000,0.5377500000,0.5368125000
47.0285151005,1.0391250000,0.5383125000,0.5368125000
47.1284289360,1.0393125000,0.5385000000,0.5364375000
47.2283859253,1.0391250000,0.5390625000,0.5368125000
47.3283493519,1.0391250000,0.5375625000,0.5368125000
47.4283821583,1.0391250000,0.5377500000,0.5368125000
47.5284507275,1.0391250000,0.5381250000,0.5368125000
47.6283974648,1.0391250000,0.5373750000,0.5368125000
47.7283964157,1.0391250000,0.5385000000,0.5368125000
47.8284955025,1.0393125000,0.5381250000,0.5368125000
47.9285025597,1.0393125000,0.5381250000,0.5368125000
48.0284607410,1.0393125000,0.5379375000,0.5368125000
48.1284024715,1.0393125000,0.5390625000,0.5364375000
48.2283871174,1.0391250000,0.5383125000,0.5368125000
48.3283593655,1.0393125000,0.5386875000,0.5366250000
48.4284021854,1.0393125000,0.5383125000,0.5368125000
48.5283870697,1.0393125000,0.5377500000,0.5368125000
48.6284215450,1.0393125000,0.5385000000,0.5366250000
48.7284157276,1.0393125000,0.5390625000,0.5364375000
48.8284428120,1.0393125000,0.5390625000,0.5368125000
48.9284937382,1.0393125000,0.5390625000,0.5371875000
49.0284805298,1.0393125000,0.5377500000,0.5366250000
49.1283864975,1.0393125000,0.5385000000,0.5368125000
49.2283875942,1.0393125000,0.5381250000,0.5364375000
49.3283717632,1.0393125000,0.5385000000,0.5368125000
49.4284024239,1.0391250000,0.5385000000,0.5366250000
49.5286402702,1.0393125000,0.5385000000,0.5364375000
49.6286950111,1.0393125000,0.5385000000,0.5364375000
49.7295074463,1.0393125000,0.5390625000,0.5364375000
49.8284816742,1.0393125000,0.5386875000,0.5368125000
49.9286336899,1.0393125000,0.5377500000,0.5364375000
50.0286049843,1.0395000000,0.5385000000,0.5364375000
50.1283767223,1.0393125000,0.5377500000,0.5364375000
50.2283687592,1.0395000000,0.5381250000,0.5368125000
50.3283874989,1.0393125000,0.5377500000,0.5360625000
50.4284305573,1.0393125000,0.5386875000,0.5366250000
50.5285263062,1.0393125000,0.5377500000,0.5364375000
50.6285166740,1.0395000000,0.5386875000,0.5358750000
50.7285110950,1.0395000000,0.5381250000,0.5364375000
50.8285338879,1.0393125000,0.5390625000,0.5364375000
50.9284982681,1.0393125000,0.5381250000,0.5360625000
51.0284817219,1.0393125000,0.5381250000,0.5368125000
51.1284170151,1.0395000000,0.5390625000,0.5364375000
51.2283430099,1.0395000000,0.5381250000,0.5364375000
51.3283593655,1.0395000000,0.5377500000,0.5368125000
51.4283583164,1.0395000000,0.5381250000,0.5366250000
51.5284891129,1.0395000000,0.5377500000,0.5366250000
51.6285004616,1.0393125000,0.5381250000,0.5364375000
51.7285418510,1.0393125000,0.5373750000,0.5364375000
51.8285129070,1.0395000000,0.5381250000,0.5362500000
51.9285113811,1.0395000000,0.5381250000,0.5368125000
52.0284779072,1.0395000000,0.5386875000,0.5360625000
52.1283936501,1.0395000000,0.5381250000,0.5364375000
52.2283525467,1.0393125000,0.5386875000,0.5358750000
52.3283956051,1.0395000000,0.5390625000,0.5364375000
52.4283874035,1.0395000000,0.5385000000,0.5364375000
52.5285623074,1.0395000000,0.5381250000,0.5364375000
52.6286234856,1.0395000000,0.5386875000,0.5360625000
52.7285897732,1.0395000000,0.5381250000,0.5362500000
52.8285036087,1.0395000000,0.5390625000,0.5358750000
52.9285182953,1.0395000000,0.5381250000,0.5364375000
53.0285077095,1.0395000000,0.5377500000,0.5356875000
53.1284790039,1.0395000000,0.5377500000,0.5362500000
53.2284188271,1.0395000000,0.5381250000,0.5360625000
53.3283998966,1.0395000000,0.5377500000,0.5360625000
53.4284198284,1.0395000000,0.5381250000,0.5362500000
53.5285291672,1.0395000000,0.5386875000,0.5368125000
53.6286344528,1.0395000000,0.5381250000,0.5366250000
53.7285425663,1.0395000000,0.5381250000,0.5366250000
53.8285112381,1.0396875000,0.5381250000,0.5366250000
53.9284794331,1.0395000000,0.5381250000,0.5364375000
54.0285556316,1.0395000000,0.5386875000,0.5364375000
54.1285102367,1.0396875000,0.5381250000,0.5360625000
54.2284336090,1.0395000000,0.5373750000,0.5360625000
54.3287308216,1.0395000000,0.5381250000,0.5362500000
54.4287879467,1.0396875000,0.5381250000,0.5360625000
54.5286815166,1.0396875000,0.5381250000,0.5356875000
54.6288638115,1.0396875000,0.5386875000,0.5356875000
54.7287259102,1.0396875000,0.5381250000,0.5364375000
54.8286056519,1.0396875000,0.5386875000,0.5364375000
54.9287095070,1.0396875000,0.5386875000,0.5366250000
55.0287899971,1.0396875000,0.5377500000,0.5360625000
55.1285068989,1.0398750000,0.5377500000,0.5362500000
55.2285096645,1.0395000000,0.5377500000,0.5362500000
55.3285319805,1.0396875000,0.5381250000,0.5351250000
55.4286234379,1.0396875000,0.5377500000,0.5360625000
55.5290760994,1.0396875000,0.5381250000,0.5356875000
55.6287600994,1.0396875000,0.5390625000,0.5358750000
55.7285990715,1.0396875000,0.5381250000,0.5356875000
55.8285431862,1.0398750000,0.5381250000,0.5360625000
55.9285309315,1.0396875000,0.5386875000,0.5355000000
56.0284948349,1.0396875000,0.5386875000,0.5360625000
56.1283526421,1.0398750000,0.5386875000,0.5356875000
56.2283980846,1.0398750000,0.5386875000,0.5356875000
56.3283817768,1.0396875000,0.5386875000,0.5360625000
56.4283838272,1.0396875000,0.5377500000,0.5360625000
56.5286040306,1.0398750000,0.5381250000,0.5360625000
56.6285166740,1.0396875000,0.5377500000,0.5356875000
56.7285406590,1.0396875000,0.5381250000,0.5360625000
56.8285920620,1.0398750000,0.5381250000,0.5360625000
56.9284920692,1.0398750000,0.5381250000,0.5368125000
57.0285351276,1.0398750000,0.5381250000,0.5360625000
57.1285259724,1.0398750000,0.5381250000,0.5356875000
57.2284011841,1.0398750000,0.5386875000,0.5351250000
57.3284013271,1.0398750000,0.5381250000,0.5364375000
57.4284305573,1.0398750000,0.5381250000,0.5360625000
57.5285236835,1.0398750000,0.5390625000,0.5360625000
57.6285390854,1.0400625000,0.5386875000,0.5364375000
57.7284855843,1.0398750000,0.5386875000,0.5360625000
57.8285019398,1.0398750000,0.5381250000,0.5360625000
57.9285523891,1.0398750000,0.5385000000,0.5355000000
58.0285043716,1.0398750000,0.5381250000,0.5360625000
58.1284644604,1.0398750000,0.5390625000,0.5360625000
58.2284171581,1.0398750000,0.5386875000,0.5368125000
58.3283917904,1.0398750000,0.5385000000,0.5356875000
58.4284126759,1.0398750000,0.5381250000,0.5360625000
58.5284736156,1.0398750000,0.5385000000,0.5360625000
58.6285777092,1.0400625000,0.5386875000,0.5366250000
58.7285220623,1.0398750000,0.5390625000,0.5360625000
58.8284962177,1.0398750000,0.5377500000,0.5356875000
58.9285681248,1.0398750000,0.5377500000,0.5356875000
59.0285632610,1.0400625000,0.5381250000,0.5356875000
59.1284375191,1.0398750000,0.5390625000,0.5358750000
59.2283740044,1.0400625000,0.5381250000,0.5360625000
59.3283922672,1.0400625000,0.5385000000,0.5353125000
59.4283924103,1.0400625000,0.5385000000,0.5360625000
59.5285191536,1.0400625000,0.5385000000,0.5356875000
59.6285703182,1.0400625000,0.5385000000,0.5355000000
59.7286591530,1.0400625000,0.5385000000,0.5368125000
59.8286452293,1.0400625000,0.5377500000,0.5360625000
59.9286463261,1.0400625000,0.5385000000,0.5364375000
60.0286188126,1.0400625000,0.5390625000,0.5368125000
60.1285142899,1.0402500000,0.5385000000,0.5364375000
60.2285532951,1.0400625000,0.5385000000,0.5356875000
60.3286750317,1.0398750000,0.5385000000,0.5362500000
60.4285297394,1.0400625000,0.5385000000,0.5356875000
60.5286090374,1.0400625000,0.5381250000,0.5364375000
60.6286613941,1.0400625000,0.5390625000,0.5360625000
60.7286210060,1.0400625000,0.5381250000,0.5360625000
60.8288187981,1.0402500000,0.5381250000,0.5356875000
60.9286820889,1.0402500000,0.5377500000,0.5360625000
61.0287358761,1.0400625000,0.5385000000,0.5360625000
61.1285424232,1.0400625000,0.5385000000,0.5358750000
61.2285065651,1.0402500000,0.5385000000,0.5356875000
61.3285257816,1.0400625000,0.5385000000,0.5364375000
61.4284822941,1.0402500000,0.5377500000,0.5360625000
61.5286412239,1.0402500000,0.5385000000,0.5360625000
61.6286177635,1.0400625000,0.5385000000,0.5360625000
61.7286210060,1.0402500000,0.5377500000,0.5360625000
61.8286337852,1.0402500000,0.5385000000,0.5356875000
61.9286420345,1.0402500000,0.5390625000,0.5360625000
62.0286393166,1.0402500000,0.5385000000,0.5364375000
62.1285212040,1.0402500000,0.5385000000,0.5362500000
62.2285132408,1.0402500000,0.5385000000,0.5360625000
62.3285522461,1.0400625000,0.5385000000,0.5356875000
62.4305689335,1.0402500000,0.5385000000,0.5360625000
62.5293960571,1.0402500000,0.5385000000,0.5360625000
62.6289200783,1.0402500000,0.5385000000,0.5368125000
62.7286632061,1.0402500000,0.5385000000,0.5360625000
62.8288018703,1.0402500000,0.5385000000,0.5356875000
62.9286153316,1.0402500000,0.5385000000,0.5360625000
63.0287222862,1.0402500000,0.5385000000,0.5356875000
63.1285560131,1.0402500000,0.5385000000,0.5355000000
63.2285039425,1.0402500000,0.5385000000,0.5360625000
63.3285093307,1.0402500000,0.5385000000,0.5364375000
63.4285292625,1.0402500000,0.5381250000,0.5360625000
63.5294539928,1.0404375000,0.5390625000,0.5362500000
63.6287231445,1.0404375000,0.5385000000,0.5360625000
63.7286455631,1.0404375000,0.5385000000,0.5351250000
63.8288841248,1.0404375000,0.5381250000,0.5355000000
63.9287345409,1.0404375000,0.5385000000,0.5355000000
64.0287072659,1.0402500000,0.5385000000,0.5362500000
64.1289451122,1.0404375000,0.5381250000,0.5356875000
64.2285163403,1.0404375000,0.5385000000,0.5360625000
64.3284974098,1.0404375000,0.5390625000,0.5366250000
64.4285151958,1.0404375000,0.5385000000,0.5368125000
64.5286271572,1.0404375000,0.5385000000,0.5364375000
64.6286180019,1.0404375000,0.5381250000,0.5364375000
64.7286746502,1.0404375000,0.5385000000,0.5368125000
64.8286221027,1.0404375000,0.5385000000,0.5366250000
64.9286389351,1.0404375000,0.5385000000,0.5364375000
65.0286548138,1.0404375000,0.5385000000,0.5364375000
65.1285340786,1.0406250000,0.5385000000,0.5364375000
65.2284929752,1.0406250000,0.5385000000,0.5360625000
65.3284847736,1.0406250000,0.5385000000,0.5360625000
65.4285078049,1.0406250000,0.5390625000,0.5360625000
65.5286631584,1.0404375000,0.5381250000,0.5368125000
65.6286072731,1.0406250000,0.5390625000,0.5364375000
65.7286713123,1.0406250000,0.5381250000,0.5360625000
65.8285939693,1.0406250000,0.5381250000,0.5360625000
65.9286580086,1.0406250000,0.5390625000,0.5362500000
66.0285756588,1.0406250000,0.5390625000,0.5362500000
66.1284632683,1.0406250000,0.5381250000,0.5360625000
66.2284514904,1.0406250000,0.5377500000,0.5358750000
66.3285226822,1.0406250000,0.5394375000,0.5360625000
66.4285936356,1.0406250000,0.5390625000,0.5360625000
66.5286152363,1.0406250000,0.5381250000,0.5368125000
66.6286089420,1.0406250000,0.5390625000,0.5358750000
66.7286243439,1.0406250000,0.5390625000,0.5362500000
66.8286871910,1.0408125000,0.5385000000,0.5351250000
66.9286701679,1.0406250000,0.5385000000,0.5358750000
67.0285935402,1.0406250000,0.5385000000,0.5358750000
67.1285645962,1.0406250000,0.5385000000,0.5356875000
67.2285282612,1.0406250000,0.5394375000,0.5355000000
67.3285124302,1.0408125000,0.5394375000,0.5356875000
67.4285037518,1.0408125000,0.5394375000,0.5349375000
67.5286023617,1.0406250000,0.5385000000,0.5356875000
67.6285390854,1.0408125000,0.5381250000,0.5360625000
67.7286565304,1.0406250000,0.5386875000,0.5362500000
67.8286969662,1.0408125000,0.5394375000,0.5356875000
67.9285931587,1.0410000000,0.5394375000,0.5364375000
68.0286240578,1.0408125000,0.5385000000,0.5362500000
68.1285219193,1.0406250000,0.5381250000,0.5358750000
68.2285203934,1.0408125000,0.5394375000,0.5356875000
68.3284888268,1.0408125000,0.5394375000,0.5360625000
68.4285118580,1.0408125000,0.5390625000,0.5356875000
68.5286085606,1.0408125000,0.5394375000,0.5356875000
68.6286115646,1.0408125000,0.5394375000,0.5358750000
68.7286267281,1.0408125000,0.5394375000,0.5356875000
68.8286650181,1.0410000000,0.5394375000,0.5356875000
68.9286801815,1.0408125000,0.5394375000,0.5364375000
69.0286557674,1.0408125000,0.5394375000,0.5360625000
69.1288080215,1.0410000000,0.5394375000,0.5356875000
69.2285127640,1.0410000000,0.5394375000,0.5364375000
69.3296887875,1.0408125000,0.5390625000,0.5360625000
69.4288816452,1.0408125000,0.5381250000,0.5351250000
69.5287976265,1.0410000000,0.5394375000,0.5362500000
69.6287877560,1.0410000000,0.5394375000,0.5356875000
69.7288150787,1.0408125000,0.5390625000,0.5360625000
69.8287234306,1.0411875000,0.5394375000,0.5360625000
69.9287109375,1.0410000000,0.5394375000,0.5360625000
70.0286278725,1.0410000000,0.5385000000,0.5356875000
70.1286504269,1.0410000000,0.5394375000,0.5360625000
70.2287349701,1.0410000000,0.5390625000,0.5360625000
70.3286693096,1.0410000000,0.5385000000,0.5360625000
70.4287331104,1.0410000000,0.5394375000,0.5353125000
70.5286793709,1.0410000000,0.5390625000,0.5360625000
70.6287894249,1.0410000000,0.5390625000,0.5360625000
70.7287375927,1.0410000000,0.5394375000,0.5356875000
70.8286488056,1.0410000000,0.5386875000,0.5360625000
70.9287798405,1.0411875000,0.5394375000,0.5360625000
71.0286645889,1.0410000000,0.5390625000,0.5360625000
71.1284346581,1.0410000000,0.5381250000,0.5360625000
71.2284586430,1.0410000000,0.5394375000,0.5364375000
71.3284270763,1.0411875000,0.5390625000,0.5360625000
71.4287390709,1.0411875000,0.5390625000,0.5360625000
71.5291674137,1.0410000000,0.5385000000,0.5360625000
71.6288282871,1.0410000000,0.5394375000,0.5360625000
71.7292168140,1.0410000000,0.5390625000,0.5360625000
71.8291008472,1.0410000000,0.5381250000,0.5360625000
71.9289267063,1.0411875000,0.5390625000,0.5364375000
72.0288631916,1.0411875000,0.5390625000,0.5364375000
72.1285402775,1.0411875000,0.5390625000,0.5360625000
72.2286829948,1.0411875000,0.5390625000,0.5356875000
72.3286106586,1.0411875000,0.5390625000,0.5360625000
72.4284684658,1.0411875000,0.5390625000,0.5360625000
72.5284197330,1.0411875000,0.5394375000,0.5364375000
72.6288609505,1.0411875000,0.5390625000,0.5360625000
72.7286510468,1.0411875000,0.5394375000,0.5360625000
72.8286111355,1.0411875000,0.5394375000,0.5360625000
72.9287476540,1.0411875000,0.5390625000,0.5360625000
73.0289154053,1.0411875000,0.5390625000,0.5360625000
73.1284668446,1.0411875000,0.5390625000,0.5360625000
73.2289967537,1.0411875000,0.5390625000,0.5360625000
73.3285319805,1.0411875000,0.5390625000,0.5360625000
73.4284360409,1.0413750000,0.5386875000,0.5360625000
73.5286648273,1.0411875000,0.5385000000,0.5360625000
73.6290767193,1.0411875000,0.5385000000,0.5360625000
73.7285964489,1.0411875000,0.5381250000,0.5364375000
73.8286802769,1.0411875000,0.5385000000,0.5373750000
73.9288127422,1.0413750000,0.5385000000,0.5360625000
74.0286591053,1.0413750000,0.5381250000,0.5360625000
74.1284980774,1.0413750000,0.5390625000,0.5360625000
74.2285189629,1.0413750000,0.5381250000,0.5364375000
74.3287868500,1.0413750000,0.5390625000,0.5360625000
74.4284722805,1.0413750000,0.5394375000,0.5360625000
74.5290162563,1.0415625000,0.5390625000,0.5360625000
74.6286032200,1.0413750000,0.5394375000,0.5360625000
74.7287509441,1.0413750000,0.5392500000,0.5360625000
74.8286371231,1.0413750000,0.5394375000,0.5360625000
74.9285535812,1.0413750000,0.5381250000,0.5360625000
75.0287744999,1.0413750000,0.5390625000,0.5370000000
75.1285459995,1.0413750000,0.5390625000,0.5360625000
75.2284765244,1.0413750000,0.5390625000,0.5360625000
75.3285310268,1.0413750000,0.5385000000,0.5360625000
75.4294795990,1.0415625000,0.5385000000,0.5364375000
75.5289540291,1.0415625000,0.5381250000,0.5364375000
75.6287839413,1.0415625000,0.5392500000,0.5364375000
75.7287161350,1.0415625000,0.5386875000,0.5360625000
75.8287568092,1.0415625000,0.5381250000,0.5364375000
75.9290776253,1.0415625000,0.5392500000,0.5370000000
76.0293509960,1.0415625000,0.5392500000,0.5368125000
76.1285479069,1.0415625000,0.5390625000,0.5364375000
76.2284846306,1.0415625000,0.5390625000,0.5364375000
76.3285589218,1.0415625000,0.5386875000,0.5368125000
76.4287512302,1.0415625000,0.5385000000,0.5364375000
76.5286295414,1.0415625000,0.5390625000,0.5364375000
76.6287276745,1.0415625000,0.5392500000,0.5360625000
76.7286739349,1.0415625000,0.5381250000,0.5364375000
76.8288273811,1.0415625000,0.5386875000,0.5360625000
76.9288535118,1.0415625000,0.5388750000,0.5360625000
77.0294966698,1.0417500000,0.5385000000,0.5370000000
77.1292026043,1.0417500000,0.5381250000,0.5364375000
77.2287726402,1.0415625000,0.5379375000,0.5364375000
77.3287179470,1.0415625000,0.5394375000,0.5370000000
77.4287195206,1.0417500000,0.5381250000,0.5364375000
77.5287554264,1.0417500000,0.5379375000,0.5368125000
77.6284813881,1.0415625000,0.5385000000,0.5370000000
77.7284102440,1.0417500000,0.5385000000,0.5364375000
77.8284146786,1.0417500000,0.5386875000,0.5364375000
77.9284408092,1.0417500000,0.5392500000,0.5364375000
78.0284616947,1.0417500000,0.5390625000,0.5360625000
78.1285233498,1.0417500000,0.5394375000,0.5364375000
78.2284469604,1.0417500000,0.5386875000,0.5360625000
78.3284120560,1.0417500000,0.5383125000,0.5364375000
78.4285156727,1.0417500000,0.5385000000,0.5364375000
78.5285518169,1.0417500000,0.5394375000,0.5364375000
78.6285045147,1.0417500000,0.5392500000,0.5364375000
78.7285692692,1.0417500000,0.5390625000,0.5364375000
78.8285603523,1.0419375000,0.5390625000,0.5360625000
78.9285659790,1.0417500000,0.5383125000,0.5370000000
79.0288305283,1.0419375000,0.5385000000,0.5364375000
79.1284737587,1.0419375000,0.5394375000,0.5364375000
79.2283906937,1.0419375000,0.5385000000,0.5364375000
79.3283996582,1.0419375000,0.5377500000,0.5370000000
79.4284794331,1.0419375000,0.5385000000,0.5364375000
79.5286238194,1.0419375000,0.5390625000,0.5370000000
79.6286609173,1.0419375000,0.5383125000,0.5364375000
79.7285790443,1.0419375000,0.5381250000,0.5364375000
79.8285803795,1.0419375000,0.5385000000,0.5364375000
79.9288082123,1.0419375000,0.5390625000,0.5364375000
80.0286645889,1.0421250000,0.5385000000,0.5364375000
80.1287679672,1.0419375000,0.5385000000,0.5370000000
80.2285897732,1.0419375000,0.5386875000,0.5364375000
80.3284518719,1.0419375000,0.5385000000,0.5364375000
80.4284327030,1.0419375000,0.5383125000,0.5364375000
80.5286667347,1.0421250000,0.5386875000,0.5364375000
80.6287147999,1.0419375000,0.5383125000,0.5360625000
80.7289330959,1.0421250000,0.5385000000,0.5370000000
80.8286280632,1.0421250000,0.5386875000,0.5364375000
80.9286732674,1.0421250000,0.5385000000,0.5364375000
81.0287027359,1.0421250000,0.5381250000,0.5364375000
81.1292908192,1.0421250000,0.5394375000,0.5360625000
81.2302775383,1.0419375000,0.5385000000,0.5364375000
81.3283991814,1.0421250000,0.5385000000,0.5364375000
81.4283926487,1.0421250000,0.5385000000,0.5364375000
81.5285658836,1.0421250000,0.5390625000,0.5364375000
81.6285521984,1.0421250000,0.5385000000,0.5370000000
81.7285671234,1.0421250000,0.5390625000,0.5364375000
81.8285560608,1.0421250000,0.5385000000,0.5364375000
81.9286530018,1.0421250000,0.5385000000,0.5364375000
82.0285849571,1.0421250000,0.5385000000,0.5364375000
82.1283926964,1.0423125000,0.5385000000,0.5364375000
82.2283928394,1.0421250000,0.5381250000,0.5364375000
82.3284115791,1.0421250000,0.5385000000,0.5364375000
82.4284217358,1.0421250000,0.5392500000,0.5364375000
82.5285191536,1.0423125000,0.5390625000,0.5364375000
82.6286485195,1.0423125000,0.5390625000,0.5364375000
82.7285671234,1.0421250000,0.5381250000,0.5368125000
82.8286821842,1.0421250000,0.5385000000,0.5360625000
82.9285938740,1.0423125000,0.5385000000,0.5364375000
83.0285780430,1.0423125000,0.5388750000,0.5364375000
83.1284365654,1.0423125000,0.5385000000,0.5360625000
83.2284545898,1.0423125000,0.5381250000,0.5373750000
83.3284378052,1.0423125000,0.5390625000,0.5364375000
83.4284131527,1.0423125000,0.5385000000,0.5373750000
83.5292220116,1.0423125000,0.5381250000,0.5368125000
83.6285994053,1.0423125000,0.5390625000,0.5364375000
83.7285392284,1.0423125000,0.5386875000,0.5364375000
83.8288459778,1.0423125000,0.5392500000,0.5364375000
83.9286160469,1.0423125000,0.5388750000,0.5364375000
84.0285818577,1.0425000000,0.5388750000,0.5364375000
84.1285011768,1.0423125000,0.5381250000,0.5364375000
84.2283544540,1.0425000000,0.5385000000,0.5373750000
84.3284552097,1.0425000000,0.5385000000,0.5364375000
84.4284274578,1.0425000000,0.5381250000,0.5364375000
84.5285737514,1.0425000000,0.5379375000,0.5368125000
84.6284248829,1.0425000000,0.5377500000,0.5364375000
84.7285120487,1.0425000000,0.5383125000,0.5364375000
84.8285944462,1.0425000000,0.5383125000,0.5360625000
84.9285967350,1.0425000000,0.5385000000,0.5364375000
85.0285830498,1.0426875000,0.5385000000,0.5364375000
85.1285493374,1.0425000000,0.5390625000,0.5364375000
85.2287569046,1.0425000000,0.5385000000,0.5368125000
85.3287191391,1.0426875000,0.5390625000,0.5368125000
85.4284706116,1.0426875000,0.5390625000,0.5364375000
85.5287315845,1.0426875000,0.5385000000,0.5368125000
85.6286566257,1.0426875000,0.5388750000,0.5368125000
85.7286989689,1.0426875000,0.5388750000,0.5364375000
85.8288187981,1.0425000000,0.5388750000,0.5368125000
85.9286341667,1.0426875000,0.5383125000,0.5358750000
86.0288212299,1.0426875000,0.5383125000,0.5364375000
86.1284317970,1.0426875000,0.5381250000,0.5370000000
86.2287061214,1.0426875000,0.5385000000,0.5368125000
86.3285181522,1.0426875000,0.5381250000,0.5360625000
86.4285197258,1.0428750000,0.5383125000,0.5368125000
86.5287964344,1.0428750000,0.5381250000,0.5368125000
86.6285474300,1.0426875000,0.5385000000,0.5364375000
86.7287709713,1.0426875000,0.5385000000,0.5373750000
86.8286273479,1.0425000000,0.5381250000,0.5368125000
86.9288191795,1.0426875000,0.5386875000,0.5368125000
87.0285966396,1.0426875000,0.5381250000,0.5368125000
87.1287937164,1.0426875000,0.5385000000,0.5368125000
87.2287883759,1.0428750000,0.5377500000,0.5373750000
87.3286223412,1.0426875000,0.5385000000,0.5373750000
87.4285662174,1.0428750000,0.5390625000,0.5373750000
87.5301914215,1.0428750000,0.5381250000,0.5368125000
87.6286575794,1.0428750000,0.5385000000,0.5368125000
87.7285897732,1.0426875000,0.5385000000,0.5368125000
87.8284595013,1.0428750000,0.5388750000,0.5364375000
87.9285037518,1.0428750000,0.5385000000,0.5368125000
88.0285103321,1.0428750000,0.5390625000,0.5368125000
88.1282794476,1.0428750000,0.5381250000,0.5368125000
88.2283587456,1.0428750000,0.5385000000,0.5368125000
88.3288750648,1.0428750000,0.5385000000,0.5368125000
88.4281134605,1.0428750000,0.5377500000,0.5373750000
88.5285511017,1.0428750000,0.5383125000,0.5368125000
88.6286497116,1.0428750000,0.5385000000,0.5368125000
88.7284276485,1.0430625000,0.5381250000,0.5368125000
88.8286159039,1.0430625000,0.5390625000,0.5368125000
88.9285800457,1.0430625000,0.5377500000,0.5368125000
89.0285575390,1.0428750000,0.5385000000,0.5368125000
89.1282866001,1.0430625000,0.5385000000,0.5368125000
89.2283184528,1.0428750000,0.5381250000,0.5368125000
89.3281922340,1.0430625000,0.5385000000,0.5368125000
89.4283335209,1.0430625000,0.5390625000,0.5368125000
89.5283563137,1.0430625000,0.5385000000,0.5368125000
89.6285800934,1.0430625000,0.5385000000,0.5368125000
89.7285072803,1.0432500000,0.5385000000,0.5368125000
89.8285307884,1.0430625000,0.5377500000,0.5368125000
89.9284677505,1.0430625000,0.5385000000,0.5368125000
90.0285685062,1.0430625000,0.5377500000,0.5373750000
90.1282272339,1.0428750000,0.5377500000,0.5368125000
90.2282357216,1.0430625000,0.5381250000,0.5368125000
90.3283369541,1.0430625000,0.5385000000,0.5368125000
90.4283530712,1.0430625000,0.5385000000,0.5373750000
90.5284423828,1.0430625000,0.5390625000,0.5373750000
90.6284871101,1.0430625000,0.5385000000,0.5373750000
90.7285611629,1.0432500000,0.5385000000,0.5368125000
90.8285257816,1.0430625000,0.5385000000,0.5368125000
90.9284491539,1.0432500000,0.5390625000,0.5368125000
91.0284950733,1.0430625000,0.5377500000,0.5368125000
91.1281387806,1.0432500000,0.5385000000,0.5368125000
91.2285685539,1.0432500000,0.5385000000,0.5368125000
91.3281526566,1.0432500000,0.5390625000,0.5373750000
91.4281055927,1.0432500000,0.5381250000,0.5368125000
91.5285236835,1.0432500000,0.5381250000,0.5373750000
91.6285161972,1.0432500000,0.5385000000,0.5373750000
91.7284367085,1.0432500000,0.5381250000,0.5368125000
91.8284993172,1.0432500000,0.5385000000,0.5368125000
91.9284503460,1.0434375000,0.5385000000,0.5368125000
92.0284190178,1.0432500000,0.5385000000,0.5364375000
92.1283748150,1.0434375000,0.5385000000,0.5368125000
92.2284066677,1.0432500000,0.5377500000,0.5373750000
92.3283894062,1.0434375000,0.5385000000,0.5373750000
92.4283685684,1.0434375000,0.5390625000,0.5373750000
92.5284662247,1.0434375000,0.5385000000,0.5368125000
92.6283226013,1.0434375000,0.5385000000,0.5373750000
92.7285006046,1.0434375000,0.5381250000,0.5373750000
92.8283991814,1.0434375000,0.5385000000,0.5373750000
92.9284112453,1.0434375000,0.5390625000,0.5368125000
93.0284879208,1.0434375000,0.5385000000,0.5364375000
93.1281590462,1.0434375000,0.5381250000,0.5368125000
93.2283620834,1.0434375000,0.5385000000,0.5373750000
93.3281977177,1.0434375000,0.5385000000,0.5373750000
93.4281251431,1.0434375000,0.5386875000,0.5373750000
93.5284848213,1.0434375000,0.5390625000,0.5373750000
93.6284847260,1.0434375000,0.5386875000,0.5373750000
93.7285223007,1.0434375000,0.5381250000,0.5368125000
93.8285093307,1.0436250000,0.5390625000,0.5368125000
93.9290049076,1.0436250000,0.5377500000,0.5373750000
94.0286176205,1.0436250000,0.5385000000,0.5373750000
94.1282131672,1.0436250000,0.5390625000,0.5368125000
94.2284402847,1.0436250000,0.5377500000,0.5368125000
94.3283009529,1.0436250000,0.5385000000,0.5368125000
94.4284377098,1.0436250000,0.5385000000,0.5373750000
94.5282425880,1.0434375000,0.5385000000,0.5373750000
94.6285383701,1.0436250000,0.5385000000,0.5364375000
94.7285859585,1.0436250000,0.5385000000,0.5373750000
94.8286340237,1.0436250000,0.5385000000,0.5373750000
94.9286489487,1.0436250000,0.5385000000,0.5368125000
95.0283656120,1.0436250000,0.5377500000,0.5368125000
95.1281888485,1.0436250000,0.5385000000,0.5368125000
95.2285015583,1.0436250000,0.5381250000,0.5373750000
95.3283822536,1.0438125000,0.5386875000,0.5373750000
95.4281785488,1.0438125000,0.5381250000,0.5364375000
95.5289115906,1.0438125000,0.5385000000,0.5373750000
95.6285836697,1.0438125000,0.5377500000,0.5373750000
95.7285115719,1.0438125000,0.5385000000,0.5364375000
95.8285884857,1.0438125000,0.5381250000,0.5373750000
95.9285907745,1.0438125000,0.5390625000,0.5368125000
96.0286006927,1.0438125000,0.5377500000,0.5364375000
96.1282851696,1.0438125000,0.5390625000,0.5364375000
96.2284455299,1.0438125000,0.5390625000,0.5368125000
96.3282694817,1.0438125000,0.5390625000,0.5368125000
96.4284718037,1.0438125000,0.5390625000,0.5373750000
96.5285618305,1.0438125000,0.5385000000,0.5373750000
96.6286590099,1.0438125000,0.5390625000,0.5373750000
96.7287127972,1.0438125000,0.5390625000,0.5368125000
96.8286528587,1.0438125000,0.5381250000,0.5368125000
96.9285750389,1.0440000000,0.5381250000,0.5373750000
97.0284891129,1.0438125000,0.5386875000,0.5373750000
97.1281967163,1.0440000000,0.5385000000,0.5373750000
97.2284810543,1.0440000000,0.5385000000,0.5368125000
97.3284456730,1.0438125000,0.5385000000,0.5373750000
97.4283533096,1.0438125000,0.5390625000,0.5373750000
97.5285902023,1.0440000000,0.5388750000,0.5373750000
97.6284556389,1.0440000000,0.5388750000,0.5373750000
97.7285578251,1.0440000000,0.5385000000,0.5373750000
97.8286411762,1.0440000000,0.5394375000,0.5368125000
97.9286000729,1.0440000000,0.5379375000,0.5373750000
98.0283939838,1.0440000000,0.5379375000,0.5368125000
98.1283168793,1.0440000000,0.5379375000,0.5373750000
98.2284417152,1.0440000000,0.5383125000,0.5373750000
98.3283879757,1.0440000000,0.5386875000,0.5373750000
98.4282767773,1.0440000000,0.5385000000,0.5373750000
98.5284929276,1.0440000000,0.5383125000,0.5373750000
98.6285765171,1.0440000000,0.5379375000,0.5373750000
98.7285714149,1.0440000000,0.5385000000,0.5364375000
98.8286042213,1.0440000000,0.5390625000,0.5368125000
98.9284567833,1.0440000000,0.5383125000,0.5370000000
99.0285575390,1.0441875000,0.5390625000,0.5368125000
99.1284480095,1.0440000000,0.5381250000,0.5373750000
99.2282068729,1.0441875000,0.5390625000,0.5373750000
99.3285777569,1.0441875000,0.5377500000,0.5368125000
99.4283130169,1.0441875000,0.5381250000,0.5373750000
99.5284552574,1.0441875000,0.5383125000,0.5373750000
99.6286785603,1.0441875000,0.5381250000,0.5368125000
99.7286849022,1.0441875000,0.5381250000,0.5368125000
99.8284876347,1.0441875000,0.5386875000,0.5364375000
99.9284095764,1.0441875000,0.5377500000,0.5373750000
100.0283596516,1.0441875000,0.5379375000,0.5368125000
100.1284279823,1.0441875000,0.5381250000,0.5368125000
100.2284760475,1.0443750000,0.5388750000,0.5373750000
100.3282294273,1.0441875000,0.5390625000,0.5368125000
100.4283339977,1.0443750000,0.5390625000,0.5368125000
100.5283889771,1.0443750000,0.5386875000,0.5368125000
100.6283538342,1.0443750000,0.5385000000,0.5368125000
100.7286725044,1.0443750000,0.5390625000,0.5368125000
100.8287811279,1.0443750000,0.5381250000,0.5368125000
100.9286849499,1.0443750000,0.5381250000,0.5368125000
101.0285179615,1.0443750000,0.5385000000,0.5371875000
101.1295759678,1.0443750000,0.5390625000,0.5368125000
101.2282824516,1.0441875000,0.5381250000,0.5364375000
101.3281443119,1.0443750000,0.5385000000,0.5368125000
101.4281640053,1.0443750000,0.5390625000,0.5371875000
101.5284519196,1.0443750000,0.5385000000,0.5368125000
101.6283946037,1.0443750000,0.5383125000,0.5368125000
101.7283017635,1.0445625000,0.5390625000,0.5364375000
101.8287725449,1.0443750000,0.5381250000,0.5368125000
101.9286246300,1.0443750000,0.5386875000,0.5368125000
102.0286204815,1.0445625000,0.5383125000,0.5362500000
102.1283791065,1.0445625000,0.5390625000,0.5368125000
102.2282941341,1.0445625000,0.5390625000,0.5371875000
102.3281860352,1.0445625000,0.5377500000,0.5364375000
102.4283056259,1.0443750000,0.5390625000,0.5368125000
102.5282380581,1.0443750000,0.5381250000,0.5368125000
102.6284096241,1.0445625000,0.5381250000,0.5368125000
102.7284584045,1.0445625000,0.5377500000,0.5368125000
102.8289637566,1.0445625000,0.5381250000,0.5366250000
102.9284095764,1.0445625000,0.5385000000,0.5364375000
103.0283687115,1.0445625000,0.5381250000,0.5368125000
103.1281876564,1.0445625000,0.5390625000,0.5368125000
103.2284073830,1.0445625000,0.5390625000,0.5368125000
103.3283154964,1.0445625000,0.5385000000,0.5364375000
103.4285085201,1.0447500000,0.5388750000,0.5364375000
103.5286469460,1.0445625000,0.5385000000,0.5368125000
103.6284544468,1.0447500000,0.5377500000,0.5368125000
103.7284681797,1.0447500000,0.5385000000,0.5366250000
103.8284375668,1.0445625000,0.5390625000,0.5364375000
103.9283602238,1.0445625000,0.5381250000,0.5368125000
104.0283691883,1.0447500000,0.5377500000,0.5368125000
104.1283888817,1.0445625000,0.5377500000,0.5364375000
104.2281906605,1.0447500000,0.5381250000,0.5364375000
104.3283035755,1.0445625000,0.5381250000,0.5368125000
104.4282500744,1.0447500000,0.5385000000,0.5368125000
104.5285966396,1.0447500000,0.5381250000,0.5360625000
104.6283788681,1.0447500000,0.5377500000,0.5360625000
104.7284224033,1.0447500000,0.5385000000,0.5360625000
104.8285706043,1.0447500000,0.5377500000,0.5364375000
104.9285054207,1.0447500000,0.5381250000,0.5364375000
105.0284838676,1.0447500000,0.5381250000,0.5364375000
105.1283621788,1.0447500000,0.5381250000,0.5364375000
105.2283079624,1.0447500000,0.5385000000,0.5364375000
105.3282427788,1.0447500000,0.5381250000,0.5364375000
105.4283127785,1.0447500000,0.5386875000,0.5368125000
105.5285058022,1.0447500000,0.5386875000,0.5366250000
105.6286876202,1.0447500000,0.5377500000,0.5364375000
105.7287428379,1.0449375000,0.5386875000,0.5366250000
105.8285124302,1.0449375000,0.5381250000,0.5360625000
105.9285569191,1.0451250000,0.5381250000,0.5360625000
106.0284349918,1.0449375000,0.5381250000,0.5366250000
106.1285309792,1.0449375000,0.5381250000,0.5362500000
106.2285990715,1.0449375000,0.5386875000,0.5364375000
106.3283338547,1.0449375000,0.5381250000,0.5360625000
106.4282853603,1.0449375000,0.5385000000,0.5364375000
106.5287189484,1.0451250000,0.5381250000,0.5366250000
106.6285510063,1.0449375000,0.5381250000,0.5360625000
106.7285931110,1.0451250000,0.5381250000,0.5360625000
106.8285920620,1.0449375000,0.5390625000,0.5366250000
106.9286694527,1.0451250000,0.5381250000,0.5362500000
107.0287675858,1.0449375000,0.5381250000,0.5356875000
107.1291658878,1.0451250000,0.5381250000,0.5360625000
107.2283222675,1.0451250000,0.5381250000,0.5364375000
107.3282234669,1.0451250000,0.5381250000,0.5362500000
107.4282999039,1.0451250000,0.5381250000,0.5360625000
107.5282802582,1.0451250000,0.5381250000,0.5360625000
107.6285676956,1.0451250000,0.5381250000,0.5362500000
107.7287395000,1.0451250000,0.5390625000,0.5360625000
107.8284933567,1.0451250000,0.5385000000,0.5362500000
107.9287307262,1.0451250000,0.5381250000,0.5364375000
108.0284612179,1.0451250000,0.5377500000,0.5360625000
108.1283335686,1.0451250000,0.5390625000,0.5364375000
108.2283062935,1.0451250000,0.5377500000,0.5368125000
108.3283863068,1.0451250000,0.5381250000,0.5366250000
108.4281830788,1.0451250000,0.5386875000,0.5360625000
108.5291268826,1.0451250000,0.5377500000,0.5366250000
108.6284983158,1.0453125000,0.5385000000,0.5360625000
108.7286627293,1.0453125000,0.5381250000,0.5362500000
108.8284325600,1.0453125000,0.5386875000,0.5360625000
108.9284906387,1.0453125000,0.5381250000,0.5360625000
109.0285344124,1.0453125000,0.5386875000,0.5358750000
109.1282296181,1.0453125000,0.5381250000,0.5360625000
109.2295658588,1.0453125000,0.5381250000,0.5355000000
109.3282306194,1.0453125000,0.5381250000,0.5366250000
109.4284002781,1.0453125000,0.5386875000,0.5362500000
109.5293622017,1.0451250000,0.5381250000,0.5360625000
109.6283931732,1.0455000000,0.5381250000,0.5360625000
109.7286984921,1.0453125000,0.5381250000,0.5360625000
109.8283362389,1.0453125000,0.5381250000,0.5360625000
109.9283921719,1.0455000000,0.5381250000,0.5356875000
110.0285062790,1.0453125000,0.5390625000,0.5364375000
110.1282689571,1.0453125000,0.5381250000,0.5355000000
110.2282030582,1.0453125000,0.5386875000,0.5351250000
110.3283185959,1.0455000000,0.5381250000,0.5360625000
110.4281930923,1.0455000000,0.5381250000,0.5368125000
110.5285825729,1.0455000000,0.5377500000,0.5360625000
110.6285941601,1.0455000000,0.5381250000,0.5364375000
110.7283921242,1.0455000000,0.5381250000,0.5364375000
110.8284304142,1.0455000000,0.5381250000,0.5360625000
110.9283657074,1.0455000000,0.5381250000,0.5360625000
111.0284771919,1.0455000000,0.5386875000,0.5356875000
111.1282756329,1.0456875000,0.5386875000,0.5351250000
111.2284145355,1.0455000000,0.5390625000,0.5368125000
111.3282055855,1.0456875000,0.5385000000,0.5366250000
111.4283697605,1.0455000000,0.5381250000,0.5364375000
111.5284471512,1.0456875000,0.5386875000,0.5358750000
111.6284728050,1.0455000000,0.5377500000,0.5362500000
111.7286579609,1.0456875000,0.5386875000,0.5360625000
111.8284971714,1.0456875000,0.5390625000,0.5358750000
111.9285786152,1.0456875000,0.5377500000,0.5360625000
112.0284965038,1.0456875000,0.5390625000,0.5362500000
112.1281991005,1.0455000000,0.5377500000,0.5360625000
112.2282264233,1.0456875000,0.5381250000,0.5360625000
112.3281867504,1.0456875000,0.5390625000,0.5355000000
112.4281418324,1.0456875000,0.5381250000,0.5366250000
112.5284621716,1.0456875000,0.5381250000,0.5360625000
112.6286170483,1.0456875000,0.5381250000,0.5364375000
112.7285957336,1.0458750000,0.5377500000,0.5360625000
112.8287384510,1.0456875000,0.5390625000,0.5356875000
112.9286687374,1.0458750000,0.5385000000,0.5360625000
113.0287287235,1.0456875000,0.5390625000,0.5356875000
113.1295156479,1.0458750000,0.5386875000,0.5356875000
113.2282271385,1.0456875000,0.5385000000,0.5368125000
113.3282303810,1.0456875000,0.5385000000,0.5356875000
113.4283730984,1.0458750000,0.5390625000,0.5360625000
113.5282728672,1.0456875000,0.5386875000,0.5360625000
113.6286361217,1.0458750000,0.5385000000,0.5356875000
113.7283947468,1.0458750000,0.5386875000,0.5364375000
113.8284132481,1.0458750000,0.5385000000,0.5356875000
113.9283957481,1.0458750000,0.5385000000,0.5368125000
114.0823280811,1.0458750000,0.5381250000,0.5338125000
114.1287958622,1.0460625000,0.5370000000,0.5401875000
114.2281186581,1.0458750000,0.5381250000,0.5364375000
114.3281340599,1.0460625000,0.5385000000,0.5360625000
114.4281229973,1.0458750000,0.5381250000,0.5358750000
114.5281915665,1.0458750000,0.5381250000,0.5360625000
114.6282887459,1.0458750000,0.5385000000,0.5356875000
114.7283325195,1.0460625000,0.5386875000,0.5364375000
114.8282945156,1.0460625000,0.5390625000,0.5360625000
114.9283223152,1.0460625000,0.5385000000,0.5360625000
115.0283436775,1.0460625000,0.5390625000,0.5368125000
115.1281979084,1.0460625000,0.5390625000,0.5368125000
115.2281455994,1.0460625000,0.5385000000,0.5362500000
115.3281919956,1.0462500000,0.5386875000,0.5360625000
115.4281947613,1.0460625000,0.5385000000,0.5360625000
115.5284898281,1.0462500000,0.5385000000,0.5360625000
115.6283528805,1.0460625000,0.5385000000,0.5362500000
115.7283520699,1.0460625000,0.5386875000,0.5360625000
115.8284132481,1.0460625000,0.5385000000,0.5360625000
115.9283764362,1.0460625000,0.5385000000,0.5356875000
116.0283796787,1.0462500000,0.5385000000,0.5358750000
116.1281456947,1.0460625000,0.5385000000,0.5368125000
116.2283821106,1.0462500000,0.5377500000,0.5364375000
116.3281397820,1.0462500000,0.5381250000,0.5368125000
116.4281609058,1.0462500000,0.5385000000,0.5364375000
116.5285933018,1.0460625000,0.5381250000,0.5360625000
116.6284580231,1.0462500000,0.5385000000,0.5356875000
116.7284336090,1.0462500000,0.5385000000,0.5355000000
116.8284718990,1.0462500000,0.5385000000,0.5360625000
116.9283668995,1.0462500000,0.5385000000,0.5360625000
117.0283586979,1.0462500000,0.5377500000,0.5360625000
117.1282324791,1.0462500000,0.5385000000,0.5360625000
117.2281925678,1.0462500000,0.5377500000,0.5356875000
117.3281216621,1.0462500000,0.5390625000,0.5362500000
117.4281740189,1.0464375000,0.5385000000,0.5360625000
117.5283148289,1.0464375000,0.5385000000,0.5362500000
117.6283547878,1.0464375000,0.5385000000,0.5358750000
117.7284452915,1.0464375000,0.5385000000,0.5360625000
117.8284139633,1.0464375000,0.5385000000,0.5358750000
117.9284083843,1.0464375000,0.5385000000,0.5364375000
118.0283586979,1.0464375000,0.5385000000,0.5368125000
118.1281442642,1.0464375000,0.5390625000,0.5360625000
118.2281198502,1.0464375000,0.5386875000,0.5364375000
118.3281240463,1.0464375000,0.5385000000,0.5364375000
118.4285881519,1.0464375000,0.5385000000,0.5364375000
118.5281820297,1.0464375000,0.5385000000,0.5356875000
118.6283881664,1.0466250000,0.5385000000,0.5364375000
118.7283234596,1.0464375000,0.5381250000,0.5360625000
118.8290736675,1.0464375000,0.5385000000,0.5360625000
118.9284172058,1.0466250000,0.5385000000,0.5356875000
119.0282943249,1.0464375000,0.5385000000,0.5356875000
119.1282830238,1.0466250000,0.5385000000,0.5360625000
119.2280261517,1.0466250000,0.5390625000,0.5360625000
119.3281433582,1.0466250000,0.5390625000,0.5360625000
119.4281489849,1.0466250000,0.5381250000,0.5364375000
119.5284240246,1.0466250000,0.5381250000,0.5360625000
119.6284389496,1.0466250000,0.5385000000,0.5360625000
119.7284784317,1.0466250000,0.5385000000,0.5356875000
119.8283662796,1.0466250000,0.5390625000,0.5364375000
119.9283404350,1.0466250000,0.5385000000,0.5351250000
120.0283768177,1.0466250000,0.5385000000,0.5368125000
120.1282384396,1.0466250000,0.5385000000,0.5368125000
120.2281556129,1.0466250000,0.5385000000,0.5360625000
120.3281846046,1.0466250000,0.5385000000,0.5360625000
120.4282310009,1.0466250000,0.5390625000,0.5360625000
120.5282812119,1.0466250000,0.5385000000,0.5364375000
120.6283040047,1.0466250000,0.5385000000,0.5355000000
120.7283251286,1.0468125000,0.5385000000,0.5368125000
120.8284327984,1.0468125000,0.5385000000,0.5358750000
120.9283227921,1.0468125000,0.5385000000,0.5356875000
121.0283367634,1.0468125000,0.5385000000,0.5358750000
121.1281654835,1.0468125000,0.5385000000,0.5368125000
121.2286477089,1.0468125000,0.5385000000,0.5360625000
121.3281452656,1.0468125000,0.5385000000,0.5362500000
121.4282214642,1.0468125000,0.5377500000,0.5368125000
121.5286023617,1.0468125000,0.5385000000,0.5368125000
121.6282532215,1.0466250000,0.5385000000,0.5364375000
121.7282469273,1.0468125000,0.5390625000,0.5358750000
121.8283784389,1.0468125000,0.5385000000,0.5360625000
121.9282872677,1.0470000000,0.5385000000,0.5362500000
122.0283267498,1.0468125000,0.5385000000,0.5362500000
122.1282010078,1.0470000000,0.5385000000,0.5364375000
122.2281599045,1.0470000000,0.5377500000,0.5368125000
122.3282244205,1.0468125000,0.5390625000,0.5368125000
122.4282212257,1.0470000000,0.5385000000,0.5362500000
122.5283896923,1.0470000000,0.5385000000,0.5356875000
122.6283886433,1.0470000000,0.5385000000,0.5368125000
122.7283096313,1.0470000000,0.5385000000,0.5360625000
122.8284285069,1.0470000000,0.5385000000,0.5360625000
122.9284002781,1.0470000000,0.5390625000,0.5356875000
123.0284872055,1.0470000000,0.5385000000,0.5360625000
123.1283886433,1.0470000000,0.5385000000,0.5360625000
123.2283351421,1.0470000000,0.5381250000,0.5360625000
123.3282070160,1.0471875000,0.5390625000,0.5358750000
123.4281630516,1.0470000000,0.5390625000,0.5358750000
123.5285618305,1.0471875000,0.5385000000,0.5368125000
123.6287117004,1.0471875000,0.5381250000,0.5351250000
123.7285141945,1.0471875000,0.5390625000,0.5364375000
123.8286483288,1.0471875000,0.5390625000,0.5358750000
123.9285295010,1.0471875000,0.5390625000,0.5364375000
124.0286362171,1.0471875000,0.5385000000,0.5368125000
124.1284568310,1.0471875000,0.5381250000,0.5360625000
124.2284224033,1.0471875000,0.5394375000,0.5356875000
124.3283841610,1.0471875000,0.5385000000,0.5360625000
124.4284319878,1.0471875000,0.5394375000,0.5356875000
124.5286781788,1.0471875000,0.5394375000,0.5360625000
124.6284961700,1.0473750000,0.5381250000,0.5358750000
124.7285039425,1.0473750000,0.5394375000,0.5368125000
124.8287243843,1.0471875000,0.5394375000,0.5356875000
124.9284777641,1.0473750000,0.5394375000,0.5356875000
125.0282819271,1.0473750000,0.5394375000,0.5362500000
125.1283879280,1.0473750000,0.5385000000,0.5356875000
125.2283184528,1.0473750000,0.5385000000,0.5364375000
125.3286187649,1.0471875000,0.5394375000,0.5360625000
125.4281823635,1.0471875000,0.5385000000,0.5356875000
125.5285644531,1.0473750000,0.5385000000,0.5351250000
125.6282837391,1.0473750000,0.5390625000,0.5360625000
125.7283186913,1.0473750000,0.5381250000,0.5368125000
125.8282499313,1.0473750000,0.5394375000,0.5368125000
125.9283847809,1.0473750000,0.5390625000,0.5353125000
126.0282738209,1.0473750000,0.5394375000,0.5364375000
126.1281321049,1.0473750000,0.5381250000,0.5356875000
126.2280704975,1.0473750000,0.5386875000,0.5351250000
126.3281097412,1.0473750000,0.5394375000,0.5360625000
126.4281075001,1.0473750000,0.5394375000,0.5355000000
126.5282554626,1.0473750000,0.5394375000,0.5364375000
126.6282818317,1.0475625000,0.5394375000,0.5360625000
126.7282726765,1.0475625000,0.5394375000,0.5356875000
126.8283085823,1.0475625000,0.5385000000,0.5356875000
126.9282560349,1.0475625000,0.5394375000,0.5355000000
127.0282778740,1.0475625000,0.5394375000,0.5356875000
127.1283695698,1.0475625000,0.5390625000,0.5360625000
127.2282989025,1.0475625000,0.5381250000,0.5356875000
127.3303854465,1.0475625000,0.5390625000,0.5351250000
127.4282352924,1.0475625000,0.5381250000,0.5368125000
127.5280399323,1.0477500000,0.5394375000,0.5351250000
127.6285607815,1.0475625000,0.5394375000,0.5360625000
127.7285189629,1.0477500000,0.5394375000,0.5353125000
127.8285629749,1.0475625000,0.5390625000,0.5360625000
127.9285402298,1.0477500000,0.5390625000,0.5360625000
128.0283572674,1.0475625000,0.5385000000,0.5355000000
128.1280460358,1.0477500000,0.5394375000,0.5356875000
128.2280137539,1.0477500000,0.5390625000,0.5356875000
128.3279635906,1.0477500000,0.5394375000,0.5358750000
128.4281218052,1.0475625000,0.5394375000,0.5353125000
128.5282368660,1.0477500000,0.5390625000,0.5355000000
128.6284227371,1.0477500000,0.5390625000,0.5360625000
128.7283041477,1.0477500000,0.5394375000,0.5360625000
128.8285009861,1.0477500000,0.5390625000,0.5360625000
128.9283776283,1.0477500000,0.5394375000,0.5360625000
129.0283665657,1.0477500000,0.5390625000,0.5356875000
129.1281256676,1.0477500000,0.5390625000,0.5360625000
129.2281053066,1.0479375000,0.5394375000,0.5356875000
129.3279576302,1.0477500000,0.5390625000,0.5356875000
129.4280133247,1.0479375000,0.5390625000,0.5360625000
129.5280008316,1.0477500000,0.5390625000,0.5360625000
129.6283414364,1.0477500000,0.5394375000,0.5360625000
129.7282829285,1.0479375000,0.5394375000,0.5360625000
129.8282968998,1.0479375000,0.5394375000,0.5360625000
129.9282827377,1.0479375000,0.5390625000,0.5356875000
130.0282690525,1.0479375000,0.5390625000,0.5360625000
130.1280114651,1.0479375000,0.5390625000,0.5351250000
130.2281148434,1.0479375000,0.5390625000,0.5360625000
130.3279619217,1.0479375000,0.5390625000,0.5360625000
130.4280655384,1.0479375000,0.5390625000,0.5360625000
130.5281434059,1.0479375000,0.5390625000,0.5356875000
130.6282477379,1.0479375000,0.5390625000,0.5360625000
130.7281968594,1.0479375000,0.5394375000,0.5368125000
130.8282542229,1.0479375000,0.5390625000,0.5360625000
130.9282860756,1.0479375000,0.5381250000,0.5360625000
131.0282161236,1.0479375000,0.5386875000,0.5360625000
131.1280608177,1.0481250000,0.5390625000,0.5364375000
131.2282454967,1.0479375000,0.5390625000,0.5364375000
131.3280181885,1.0481250000,0.5385000000,0.5360625000
131.4281432629,1.0481250000,0.5385000000,0.5364375000
131.5283792019,1.0481250000,0.5394375000,0.5360625000
131.6287167072,1.0479375000,0.5381250000,0.5368125000
131.7284951210,1.0481250000,0.5392500000,0.5360625000
131.8286032677,1.0481250000,0.5388750000,0.5360625000
131.9285824299,1.0481250000,0.5390625000,0.5360625000
132.0285317898,1.0481250000,0.5385000000,0.5370000000
132.1280691624,1.0481250000,0.5385000000,0.5364375000
132.2280910015,1.0481250000,0.5390625000,0.5360625000
132.3280291557,1.0481250000,0.5388750000,0.5360625000
132.4280455112,1.0483125000,0.5394375000,0.5360625000
132.5288605690,1.0483125000,0.5379375000,0.5364375000
132.6289827824,1.0481250000,0.5392500000,0.5364375000
132.7282493114,1.0483125000,0.5388750000,0.5364375000
132.8286054134,1.0483125000,0.5388750000,0.5370000000
132.9282231331,1.0483125000,0.5392500000,0.5364375000
133.0282645226,1.0481250000,0.5386875000,0.5360625000
133.1280865669,1.0481250000,0.5381250000,0.5364375000
133.2283489704,1.0483125000,0.5385000000,0.5364375000
133.3284204006,1.0483125000,0.5390625000,0.5364375000
133.4280025959,1.0483125000,0.5383125000,0.5364375000
133.5283408165,1.0483125000,0.5385000000,0.5364375000
133.6285760403,1.0483125000,0.5385000000,0.5364375000
133.7286131382,1.0483125000,0.5390625000,0.5370000000
133.8286263943,1.0483125000,0.5385000000,0.5364375000
133.9288072586,1.0485000000,0.5390625000,0.5364375000
134.0285668373,1.0483125000,0.5385000000,0.5364375000
134.1357448101,1.0485000000,0.5373750000,0.5366250000
134.2279975414,1.0485000000,0.5390625000,0.5370000000
134.3296277523,1.0485000000,0.5385000000,0.5368125000
134.4279575348,1.0485000000,0.5388750000,0.5364375000
134.5279893875,1.0483125000,0.5388750000,0.5364375000
134.6283309460,1.0485000000,0.5385000000,0.5364375000
134.7282710075,1.0485000000,0.5381250000,0.5364375000
134.8281586170,1.0485000000,0.5385000000,0.5364375000
134.9284794331,1.0486875000,0.5388750000,0.5364375000
135.0283918381,1.0485000000,0.5388750000,0.5364375000
135.1279807091,1.0485000000,0.5390625000,0.5364375000
135.2279503345,1.0485000000,0.5390625000,0.5364375000
135.3279383183,1.0485000000,0.5390625000,0.5364375000
135.4281015396,1.0486875000,0.5388750000,0.5368125000
135.5283498764,1.0486875000,0.5390625000,0.5368125000
135.6284065247,1.0486875000,0.5381250000,0.5368125000
135.7283241749,1.0486875000,0.5385000000,0.5364375000
135.8283133507,1.0486875000,0.5385000000,0.5364375000
135.9287116528,1.0486875000,0.5379375000,0.5368125000
136.0281774998,1.0486875000,0.5388750000,0.5368125000
136.1280465126,1.0486875000,0.5385000000,0.5373750000
136.2282879353,1.0486875000,0.5379375000,0.5373750000
136.3280622959,1.0486875000,0.5390625000,0.5368125000
136.4282960892,1.0486875000,0.5390625000,0.5368125000
136.5284693241,1.0486875000,0.5388750000,0.5368125000
136.6282553673,1.0488750000,0.5388750000,0.5364375000
136.7282822132,1.0486875000,0.5377500000,0.5368125000
136.8284325600,1.0486875000,0.5385000000,0.5373750000
136.9282844067,1.0486875000,0.5377500000,0.5368125000
137.0292975903,1.0486875000,0.5377500000,0.5368125000
137.1293404102,1.0486875000,0.5385000000,0.5368125000
137.2289876938,1.0486875000,0.5377500000,0.5373750000
137.3292653561,1.0486875000,0.5377500000,0.5368125000
137.4286203384,1.0488750000,0.5381250000,0.5364375000
137.5298364162,1.0488750000,0.5388750000,0.5364375000
137.6290001869,1.0486875000,0.5377500000,0.5368125000
137.7288644314,1.0488750000,0.5390625000,0.5368125000
137.8285298347,1.0488750000,0.5390625000,0.5364375000
137.9284486771,1.0488750000,0.5385000000,0.5368125000
138.0284166336,1.0488750000,0.5377500000,0.5373750000
138.1281828880,1.0488750000,0.5385000000,0.5368125000
138.2287456989,1.0488750000,0.5381250000,0.5373750000
138.3282008171,1.0490625000,0.5385000000,0.5368125000
138.4279828072,1.0488750000,0.5388750000,0.5368125000
138.5280015469,1.0490625000,0.5381250000,0.5368125000
138.6283934116,1.0490625000,0.5377500000,0.5368125000
138.7280921936,1.0490625000,0.5377500000,0.5362500000
138.8281354904,1.0490625000,0.5377500000,0.5368125000
138.9281945229,1.0490625000,0.5381250000,0.5373750000
139.0282666683,1.0490625000,0.5390625000,0.5368125000
139.1279988289,1.0490625000,0.5385000000,0.5368125000
139.2279088497,1.0490625000,0.5390625000,0.5368125000
139.3279197216,1.0490625000,0.5381250000,0.5373750000
139.4279167652,1.0490625000,0.5390625000,0.5373750000
139.5283627510,1.0490625000,0.5381250000,0.5368125000
139.6282169819,1.0492500000,0.5386875000,0.5364375000
139.7282066345,1.0490625000,0.5385000000,0.5368125000
139.8282403946,1.0492500000,0.5390625000,0.5373750000
139.9283201694,1.0492500000,0.5381250000,0.5373750000
140.0281922817,1.0490625000,0.5385000000,0.5373750000
140.1280832291,1.0492500000,0.5385000000,0.5368125000
140.2279465199,1.0492500000,0.5385000000,0.5373750000
140.3279705048,1.0492500000,0.5385000000,0.5368125000
140.4279770851,1.0492500000,0.5390625000,0.5373750000
140.5283613205,1.0492500000,0.5390625000,0.5373750000
140.6286010742,1.0494375000,0.5381250000,0.5373750000
140.7283406258,1.0492500000,0.5377500000,0.5373750000
140.8284821510,1.0492500000,0.5381250000,0.5373750000
140.9287190437,1.0492500000,0.5383125000,0.5373750000
141.0284252167,1.0492500000,0.5388750000,0.5373750000
141.1279911995,1.0492500000,0.5390625000,0.5364375000
141.2280862331,1.0492500000,0.5390625000,0.5373750000
141.3279454708,1.0492500000,0.5390625000,0.5368125000
141.4279553890,1.0494375000,0.5390625000,0.5364375000
141.5282161236,1.0494375000,0.5385000000,0.5373750000
141.6282055378,1.0494375000,0.5379375000,0.5373750000
141.7282764912,1.0494375000,0.5379375000,0.5368125000
141.8283574581,1.0494375000,0.5385000000,0.5373750000
141.9300348759,1.0494375000,0.5385000000,0.5373750000
142.0284013748,1.0494375000,0.5383125000,0.5373750000
142.1279761791,1.0494375000,0.5381250000,0.5368125000
142.2280385494,1.0494375000,0.5388750000,0.5373750000
142.3280434608,1.0494375000,0.5383125000,0.5373750000
142.4280357361,1.0492500000,0.5379375000,0.5368125000
142.5280034542,1.0494375000,0.5386875000,0.5373750000
142.6283392906,1.0494375000,0.5386875000,0.5368125000
142.7282297611,1.0496250000,0.5390625000,0.5364375000
142.8282783031,1.0494375000,0.5385000000,0.5373750000
142.9281940460,1.0496250000,0.5381250000,0.5373750000
143.0282702446,1.0496250000,0.5381250000,0.5368125000
143.1284821033,1.0496250000,0.5390625000,0.5368125000
143.2279806137,1.0496250000,0.5381250000,0.5373750000
143.3280000687,1.0496250000,0.5390625000,0.5364375000
143.4279980659,1.0496250000,0.5390625000,0.5373750000
143.5285015106,1.0496250000,0.5385000000,0.5371875000
143.6283059120,1.0496250000,0.5388750000,0.5368125000
143.7282314301,1.0496250000,0.5381250000,0.5368125000
143.8284132481,1.0496250000,0.5383125000,0.5368125000
143.9285013676,1.0496250000,0.5390625000,0.5368125000
144.0285110474,1.0496250000,0.5379375000,0.5368125000
144.1281170845,1.0496250000,0.5388750000,0.5368125000
144.2280328274,1.0496250000,0.5390625000,0.5371875000
144.3279209137,1.0496250000,0.5385000000,0.5368125000
144.4279780388,1.0496250000,0.5381250000,0.5368125000
144.5281982422,1.0498125000,0.5386875000,0.5368125000
144.6283757687,1.0498125000,0.5381250000,0.5371875000
144.7281582355,1.0496250000,0.5390625000,0.5368125000
144.8286814690,1.0496250000,0.5381250000,0.5364375000
144.9282565117,1.0498125000,0.5383125000,0.5370000000
145.0282144547,1.0498125000,0.5377500000,0.5371875000
145.1373026371,1.0496250000,0.5390625000,0.5356875000
145.2279934883,1.0498125000,0.5381250000,0.5366250000
145.3279163837,1.0498125000,0.5385000000,0.5368125000
145.4280073643,1.0498125000,0.5385000000,0.5366250000
145.5280516148,1.0498125000,0.5379375000,0.5366250000
145.6282863617,1.0498125000,0.5377500000,0.5362500000
145.7285830975,1.0500000000,0.5385000000,0.5364375000
145.8283901215,1.0498125000,0.5390625000,0.5360625000
145.9281020164,1.0500000000,0.5377500000,0.5368125000
146.0281271935,1.0498125000,0.5381250000,0.5368125000
146.1279993057,1.0498125000,0.5381250000,0.5364375000
146.2279839516,1.0498125000,0.5377500000,0.5364375000
146.3281061649,1.0500000000,0.5386875000,0.5360625000
146.4280428886,1.0500000000,0.5381250000,0.5364375000
146.5281107426,1.0500000000,0.5381250000,0.5364375000
146.6289560795,1.0500000000,0.5381250000,0.5360625000
146.7282450199,1.0500000000,0.5381250000,0.5364375000
146.8285880089,1.0500000000,0.5381250000,0.5360625000
146.9288163185,1.0500000000,0.5381250000,0.5368125000
147.0282893181,1.0500000000,0.5381250000,0.5368125000
147.1280002594,1.0500000000,0.5381250000,0.5360625000
147.2280321121,1.0501875000,0.5381250000,0.5368125000
147.3279294968,1.0500000000,0.5390625000,0.5358750000
147.4280748367,1.0500000000,0.5390625000,0.5360625000
147.5331282616,1.0500000000,0.5381250000,0.5353125000
147.6282935143,1.0500000000,0.5390625000,0.5356875000
147.7282016277,1.0501875000,0.5390625000,0.5368125000
147.8281986713,1.0501875000,0.5385000000,0.5360625000
147.9281880856,1.0501875000,0.5386875000,0.5356875000
148.0281994343,1.0501875000,0.5377500000,0.5360625000
148.1279165745,1.0501875000,0.5381250000,0.5366250000
148.2279529572,1.0501875000,0.5381250000,0.5366250000
148.3279142380,1.0501875000,0.5381250000,0.5360625000
148.4279923439,1.0501875000,0.5381250000,0.5362500000
148.5282166004,1.0501875000,0.5386875000,0.5356875000
148.6281964779,1.0501875000,0.5385000000,0.5351250000
148.7281849384,1.0501875000,0.5386875000,0.5360625000
148.8283331394,1.0501875000,0.5381250000,0.5364375000
148.9287374020,1.0501875000,0.5381250000,0.5351250000
149.0283174515,1.0501875000,0.5386875000,0.5360625000
149.1279325485,1.0501875000,0.5386875000,0.5356875000
149.2279195786,1.0501875000,0.5385000000,0.5358750000
149.3279285431,1.0501875000,0.5381250000,0.5356875000
149.4280388355,1.0501875000,0.5381250000,0.5362500000
149.5281336308,1.0503750000,0.5381250000,0.5364375000
149.6285490990,1.0503750000,0.5381250000,0.5360625000
149.7281203270,1.0503750000,0.5390625000,0.5366250000
149.8281362057,1.0503750000,0.5377500000,0.5360625000
149.9281637669,1.0505625000,0.5386875000,0.5356875000
150.0401825905,1.0408125000,0.5394375000,0.5370000000
150.1312675476,1.0432500000,0.5400000000,0.5394375000
150.2310256958,1.0426875000,0.5398125000,0.5394375000
150.3287396431,1.0426875000,0.5400000000,0.5401875000
150.4381773472,1.0419375000,0.5394375000,0.5398125000
150.5371537209,1.0312500000,0.5400000000,0.5400000000
150.6357488632,1.0305000000,0.5400000000,0.5396250000
150.7343134880,1.0308750000,0.5394375000,0.5394375000
150.8335297108,1.0218750000,0.5396250000,0.5396250000
150.9320380688,1.0179375000,0.5392500000,0.5396250000
151.0336875916,1.0147500000,0.5392500000,0.5396250000
151.1328525543,1.0119375000,0.5396250000,0.5400000000
151.2323276997,1.0093125000,0.5396250000,0.5400000000
151.3322980404,1.0068750000,0.5396250000,0.5396250000
151.4315109253,1.0046250000,0.5396250000,0.5396250000
151.5352323055,1.0025625000,0.5392500000,0.5396250000
151.6368060112,1.0005000000,0.5396250000,0.5396250000
151.7378499508,0.9986250000,0.5400000000,0.5400000000
151.8357899189,0.9967500000,0.5400000000,0.5396250000
151.9339635372,0.9952500000,0.5396250000,0.5396250000
152.0324804783,0.9937500000,0.5396250000,0.5390625000
152.1317918301,0.9924375000,0.5396250000,0.5396250000
152.2297677994,0.9909375000,0.5396250000,0.5400000000
152.3376817703,0.9896250000,0.5392500000,0.5396250000
152.4358999729,0.9885000000,0.5400000000,0.5400000000
152.5353093147,0.9871875000,0.5400000000,0.5396250000
152.6332726479,0.9862500000,0.5400000000,0.5396250000
152.7311942577,0.9853125000,0.5392500000,0.5396250000
152.8290426731,0.9843750000,0.5396250000,0.5400000000
152.9370765686,0.9834375000,0.5392500000,0.5400000000
153.0373005867,0.9828750000,0.5403750000,0.5396250000
153.1359078884,0.9819375000,0.5400000000,0.5400000000
153.2345700264,0.9811875000,0.5400000000,0.5392500000
153.3325109482,0.9808125000,0.5396250000,0.5396250000
153.4317033291,0.9800625000,0.5396250000,0.5400000000
153.5302815437,0.9793125000,0.5396250000,0.5396250000
153.6293239594,0.9789375000,0.5400000000,0.5400000000
153.7376949787,0.9783750000,0.5392500000,0.5400000000
153.8359630108,0.9778125000,0.5400000000,0.5400000000
153.9347822666,0.9776250000,0.5400000000,0.5396250000
154.0366191864,0.9770625000,0.5400000000,0.5396250000
154.1358683109,0.9766875000,0.5400000000,0.5396250000
154.2349777222,0.9765000000,0.5400000000,0.5396250000
154.3334295750,0.9759375000,0.5400000000,0.5396250000
154.4337594509,0.9759375000,0.5400000000,0.5396250000
154.5366451740,0.9755625000,0.5400000000,0.5396250000
154.6364343166,0.9753750000,0.5400000000,0.5400000000
154.7364568710,0.9751875000,0.5400000000,0.5400000000
154.8370671272,0.9748125000,0.5400000000,0.5396250000
154.9363842010,0.9746250000,0.5396250000,0.5396250000
155.0385837555,0.9744375000,0.5392500000,0.5396250000
155.1317291260,0.9744375000,0.5400000000,0.5396250000
155.2297313213,0.9740625000,0.5396250000,0.5396250000
155.3287072182,0.9740625000,0.5396250000,0.5400000000
155.4365220070,0.9740625000,0.5392500000,0.5400000000
155.5358293056,0.9738750000,0.5400000000,0.5396250000
155.6343612671,0.9738750000,0.5400000000,0.5396250000
155.7328302860,0.9736875000,0.5396250000,0.5396250000
155.8310801983,0.9736875000,0.5396250000,0.5400000000
155.9294478893,0.9736875000,0.5400000000,0.5396250000
156.0388057232,0.9736875000,0.5396250000,0.5396250000
156.1279737949,0.9916875000,0.5373750000,0.5368125000
156.2279217243,0.9956250000,0.5381250000,0.5364375000
156.3279137611,0.9991875000,0.5385000000,0.5355000000
156.4279801846,1.0023750000,0.5385000000,0.5356875000
156.5279769897,1.0055625000,0.5390625000,0.5356875000
156.6279382706,1.0081875000,0.5390625000,0.5360625000
156.7279388905,1.0110000000,0.5385000000,0.5368125000
156.8278973103,1.0134375000,0.5385000000,0.5362500000
156.9281859398,1.0158750000,0.5390625000,0.5355000000
157.0282223225,1.0181250000,0.5385000000,0.5364375000
157.1285240650,1.0200000000,0.5385000000,0.5355000000
157.2282524109,1.0220625000,0.5385000000,0.5366250000
157.3284051418,1.0239375000,0.5385000000,0.5360625000
157.4279835224,1.0256250000,0.5385000000,0.5364375000
157.5285739899,1.0273125000,0.5390625000,0.5360625000
157.6281654835,1.0288125000,0.5390625000,0.5355000000
157.7286133766,1.0303125000,0.5385000000,0.5356875000
157.8286457062,1.0318125000,0.5385000000,0.5360625000
157.9283640385,1.0329375000,0.5390625000,0.5364375000
158.0286149979,1.0342500000,0.5385000000,0.5362500000
158.1280832291,1.0353750000,0.5385000000,0.5360625000
158.2282371521,1.0365000000,0.5390625000,0.5360625000
158.3279612064,1.0374375000,0.5381250000,0.5370000000
158.4280002117,1.0385625000,0.5385000000,0.5360625000
158.5282640457,1.0393125000,0.5377500000,0.5364375000
158.6283156872,1.0402500000,0.5381250000,0.5368125000
158.7283146381,1.0411875000,0.5385000000,0.5356875000
158.8282101154,1.0419375000,0.5385000000,0.5360625000
158.9286048412,1.0425000000,0.5385000000,0.5358750000
159.0282242298,1.0432500000,0.5385000000,0.5360625000
159.1280770302,1.0440000000,0.5385000000,0.5364375000
159.2282063961,1.0443750000,0.5381250000,0.5356875000
159.3280222416,1.0451250000,0.5381250000,0.5351250000
159.4280021191,1.0456875000,0.5394375000,0.5364375000
159.5283961296,1.0462500000,0.5394375000,0.5368125000
159.6285057068,1.0466250000,0.5390625000,0.5356875000
159.7282676697,1.0471875000,0.5381250000,0.5356875000
159.8283510208,1.0475625000,0.5390625000,0.5353125000
159.9283020496,1.0481250000,0.5394375000,0.5360625000
160.0285661221,1.0485000000,0.5394375000,0.5360625000
160.1281120777,1.0486875000,0.5390625000,0.5356875000
160.2279980183,1.0490625000,0.5394375000,0.5360625000
160.3279912472,1.0492500000,0.5394375000,0.5368125000
160.4281198978,1.0498125000,0.5394375000,0.5358750000
160.5284881592,1.0500000000,0.5385000000,0.5360625000
160.6285843849,1.0501875000,0.5385000000,0.5358750000
160.7285144329,1.0505625000,0.5381250000,0.5356875000
160.8282713890,1.0505625000,0.5390625000,0.5351250000
160.9283962250,1.0509375000,0.5390625000,0.5356875000
161.0282564163,1.0511250000,0.5390625000,0.5360625000
161.1280801296,1.0515000000,0.5394375000,0.5360625000
161.2280023098,1.0515000000,0.5386875000,0.5351250000
161.3280460835,1.0515000000,0.5394375000,0.5360625000
161.4280610085,1.0518750000,0.5394375000,0.5368125000
161.5283684731,1.0520625000,0.5394375000,0.5360625000
161.6284103394,1.0522500000,0.5394375000,0.5356875000
161.7285907269,1.0522500000,0.5381250000,0.5351250000
161.8284180164,1.0524375000,0.5394375000,0.5360625000
161.9283549786,1.0524375000,0.5394375000,0.5356875000
162.0284688473,1.0528125000,0.5385000000,0.5360625000
162.1281290054,1.0528125000,0.5390625000,0.5356875000
162.2279853821,1.0528125000,0.5394375000,0.5364375000
162.3280520439,1.0530000000,0.5394375000,0.5358750000
162.4280493259,1.0530000000,0.5390625000,0.5360625000
162.5285768509,1.0530000000,0.5390625000,0.5360625000
162.6293115616,1.0531875000,0.5394375000,0.5360625000
162.7283384800,1.0533750000,0.5394375000,0.5360625000
162.8286132812,1.0533750000,0.5390625000,0.5360625000
162.9286327362,1.0533750000,0.5394375000,0.5360625000
163.0282981396,1.0533750000,0.5390625000,0.5360625000
163.1280477047,1.0535625000,0.5390625000,0.5356875000
163.2280519009,1.0537500000,0.5394375000,0.5360625000
163.3280682564,1.0537500000,0.5386875000,0.5356875000
163.4280302525,1.0535625000,0.5390625000,0.5364375000
163.5282635689,1.0537500000,0.5394375000,0.5360625000
163.6282944679,1.0537500000,0.5390625000,0.5360625000
163.7286043167,1.0537500000,0.5390625000,0.5368125000
163.8283066750,1.0537500000,0.5390625000,0.5360625000
163.9282565117,1.0537500000,0.5390625000,0.5360625000
164.0285449028,1.0539375000,0.5381250000,0.5364375000
164.1281411648,1.0537500000,0.5390625000,0.5360625000
164.2281701565,1.0537500000,0.5390625000,0.5360625000
164.3280560970,1.0539375000,0.5390625000,0.5360625000
164.4280729294,1.0541250000,0.5390625000,0.5360625000
164.5283401012,1.0539375000,0.5386875000,0.5360625000
164.6283209324,1.0541250000,0.5390625000,0.5360625000
164.7282898426,1.0541250000,0.5385000000,0.5364375000
164.8283991814,1.0541250000,0.5390625000,0.5360625000
164.9283471107,1.0541250000,0.5381250000,0.5360625000
165.0283463001,1.0541250000,0.5381250000,0.5368125000
165.1283915043,1.0541250000,0.5385000000,0.5360625000
165.2280209064,1.0541250000,0.5381250000,0.5360625000
165.3279850483,1.0541250000,0.5385000000,0.5364375000
165.4279906750,1.0541250000,0.5381250000,0.5360625000
165.5283012390,1.0543125000,0.5385000000,0.5360625000
165.6283071041,1.0541250000,0.5388750000,0.5360625000
165.7283215523,1.0543125000,0.5381250000,0.5368125000
165.8282091618,1.0543125000,0.5390625000,0.5364375000
165.9282052517,1.0541250000,0.5390625000,0.5360625000
166.0282480717,1.0543125000,0.5392500000,0.5368125000
166.1279635429,1.0543125000,0.5386875000,0.5364375000
166.2280972004,1.0543125000,0.5392500000,0.5360625000
166.3279323578,1.0543125000,0.5385000000,0.5360625000
166.4279408455,1.0543125000,0.5394375000,0.5360625000
166.5283238888,1.0543125000,0.5392500000,0.5364375000
166.6283566952,1.0543125000,0.5388750000,0.5370000000
166.7283446789,1.0543125000,0.5381250000,0.5373750000
166.8281669617,1.0545000000,0.5392500000,0.5364375000
166.9282567501,1.0543125000,0.5388750000,0.5364375000
167.0282304287,1.0543125000,0.5385000000,0.5370000000
167.1279518604,1.0543125000,0.5392500000,0.5360625000
167.2279715538,1.0545000000,0.5379375000,0.5364375000
167.3280653954,1.0543125000,0.5390625000,0.5364375000
167.4280965328,1.0545000000,0.5390625000,0.5364375000
167.5283987522,1.0545000000,0.5392500000,0.5370000000
167.6282968521,1.0545000000,0.5388750000,0.5364375000
167.7283854485,1.0545000000,0.5385000000,0.5364375000
167.8283782005,1.0545000000,0.5385000000,0.5364375000
167.9281857014,1.0546875000,0.5388750000,0.5364375000
168.0283880234,1.0546875000,0.5385000000,0.5364375000
168.1279575825,1.0545000000,0.5381250000,0.5364375000
168.2280013561,1.0546875000,0.5394375000,0.5370000000
168.3280606270,1.0545000000,0.5381250000,0.5368125000
168.4279868603,1.0546875000,0.5385000000,0.5370000000
168.5283555984,1.0546875000,0.5381250000,0.5364375000
168.6283578873,1.0546875000,0.5385000000,0.5370000000
168.7283244133,1.0548750000,0.5385000000,0.5364375000
168.8283762932,1.0546875000,0.5385000000,0.5364375000
168.9283442497,1.0546875000,0.5385000000,0.5364375000
169.0283024311,1.0548750000,0.5385000000,0.5364375000
169.1279530525,1.0548750000,0.5390625000,0.5364375000
169.2280120850,1.0548750000,0.5381250000,0.5364375000
169.3281538486,1.0548750000,0.5394375000,0.5364375000
169.4280152321,1.0548750000,0.5390625000,0.5364375000
169.5281109810,1.0548750000,0.5385000000,0.5360625000
169.6281669140,1.0548750000,0.5392500000,0.5364375000
169.7282013893,1.0550625000,0.5390625000,0.5364375000
169.8282537460,1.0550625000,0.5390625000,0.5364375000
169.9281892776,1.0550625000,0.5388750000,0.5364375000
170.0281510353,1.0550625000,0.5390625000,0.5364375000
170.1279740334,1.0550625000,0.5388750000,0.5364375000
170.2282018661,1.0550625000,0.5381250000,0.5364375000
170.3280696869,1.0552500000,0.5385000000,0.5364375000
170.4281718731,1.0552500000,0.5381250000,0.5364375000
170.5282146931,1.0548750000,0.5381250000,0.5364375000
170.6281886101,1.0550625000,0.5388750000,0.5364375000
170.7283143997,1.0552500000,0.5377500000,0.5368125000
170.8293361664,1.0552500000,0.5390625000,0.5364375000
170.9282813072,1.0554375000,0.5390625000,0.5364375000
171.0280957222,1.0552500000,0.5381250000,0.5368125000
171.1281855106,1.0554375000,0.5388750000,0.5364375000
171.2281329632,1.0552500000,0.5390625000,0.5364375000
171.3280825615,1.0554375000,0.5390625000,0.5371875000
171.4280667305,1.0552500000,0.5392500000,0.5364375000
171.5282843113,1.0554375000,0.5385000000,0.5373750000
171.6284439564,1.0554375000,0.5381250000,0.5368125000
171.7282593250,1.0554375000,0.5388750000,0.5360625000
171.8283286095,1.0552500000,0.5385000000,0.5373750000
171.9281711578,1.0554375000,0.5388750000,0.5368125000
172.0284376144,1.0556250000,0.5381250000,0.5373750000
172.1279842854,1.0556250000,0.5388750000,0.5373750000
172.2281105518,1.0556250000,0.5385000000,0.5368125000
172.3279345036,1.0556250000,0.5390625000,0.5364375000
172.4281420708,1.0556250000,0.5385000000,0.5368125000
172.5283772945,1.0558125000,0.5381250000,0.5373750000
172.6283650398,1.0558125000,0.5381250000,0.5368125000
172.7283444405,1.0558125000,0.5385000000,0.5368125000
172.8283891678,1.0558125000,0.5390625000,0.5368125000
172.9283742905,1.0560000000,0.5381250000,0.5368125000
173.0283873081,1.0560000000,0.5385000000,0.5368125000
173.1281244755,1.0560000000,0.5383125000,0.5368125000
173.2280514240,1.0560000000,0.5377500000,0.5368125000
173.3280613422,1.0560000000,0.5377500000,0.5368125000
173.4280142784,1.0560000000,0.5385000000,0.5368125000
173.5281786919,1.0561875000,0.5381250000,0.5368125000
173.6283452511,1.0560000000,0.5377500000,0.5368125000
173.7283141613,1.0561875000,0.5385000000,0.5368125000
173.8282220364,1.0561875000,0.5377500000,0.5368125000
173.9281868935,1.0561875000,0.5385000000,0.5368125000
174.0282342434,1.0561875000,0.5390625000,0.5364375000
174.1281139851,1.0561875000,0.5377500000,0.5368125000
174.2280440331,1.0563750000,0.5390625000,0.5368125000
174.3279531002,1.0563750000,0.5385000000,0.5368125000
174.4281117916,1.0563750000,0.5377500000,0.5368125000
174.5280718803,1.0565625000,0.5385000000,0.5368125000
174.6283853054,1.0565625000,0.5385000000,0.5368125000
174.7283422947,1.0565625000,0.5381250000,0.5368125000
174.8283591270,1.0565625000,0.5390625000,0.5368125000
174.9283533096,1.0565625000,0.5381250000,0.5368125000
175.0283608437,1.0567500000,0.5385000000,0.5368125000
175.1280279160,1.0565625000,0.5381250000,0.5368125000
175.2284336090,1.0567500000,0.5385000000,0.5368125000
175.3281757832,1.0567500000,0.5383125000,0.5364375000
175.4282531738,1.0569375000,0.5377500000,0.5368125000
175.5295548439,1.0569375000,0.5390625000,0.5368125000
175.6284158230,1.0569375000,0.5385000000,0.5368125000
175.7287709713,1.0569375000,0.5377500000,0.5373750000
175.8283801079,1.0569375000,0.5381250000,0.5368125000
175.9281573296,1.0571250000,0.5381250000,0.5368125000
176.0284273624,1.0569375000,0.5377500000,0.5368125000
176.1280691624,1.0571250000,0.5385000000,0.5368125000
176.2280185223,1.0571250000,0.5385000000,0.5368125000
176.3280680180,1.0571250000,0.5381250000,0.5368125000
176.4280521870,1.0571250000,0.5377500000,0.5368125000
176.5282652378,1.0571250000,0.5385000000,0.5368125000
176.6282069683,1.0573125000,0.5386875000,0.5373750000
176.7282648087,1.0573125000,0.5385000000,0.5368125000
176.8282639980,1.0573125000,0.5381250000,0.5373750000
176.9282321930,1.0573125000,0.5390625000,0.5368125000
177.0281901360,1.0573125000,0.5385000000,0.5368125000
177.1280393600,1.0575000000,0.5385000000,0.5368125000
177.2281794548,1.0576875000,0.5385000000,0.5373750000
177.3281900883,1.0575000000,0.5377500000,0.5368125000
177.4282267094,1.0576875000,0.5381250000,0.5373750000
177.5281674862,1.0576875000,0.5385000000,0.5368125000
177.6282858849,1.0576875000,0.5385000000,0.5373750000
177.7281479836,1.0578750000,0.5385000000,0.5364375000
177.8284387589,1.0576875000,0.5385000000,0.5368125000
177.9284212589,1.0576875000,0.5381250000,0.5373750000
178.0298109055,1.0578750000,0.5381250000,0.5368125000
178.1281599998,1.0578750000,0.5381250000,0.5364375000
178.2281002998,1.0578750000,0.5385000000,0.5373750000
178.3279888630,1.0580625000,0.5386875000,0.5368125000
178.4318215847,1.0580625000,0.5381250000,0.5351250000
178.5283503532,1.0580625000,0.5385000000,0.5368125000
178.6282606125,1.0582500000,0.5386875000,0.5368125000
178.7283110619,1.0580625000,0.5386875000,0.5373750000
178.8283250332,1.0582500000,0.5385000000,0.5364375000
178.9283254147,1.0582500000,0.5377500000,0.5373750000
179.0283393860,1.0582500000,0.5381250000,0.5368125000
179.1280159950,1.0582500000,0.5385000000,0.5368125000
179.2280569077,1.0584375000,0.5390625000,0.5373750000
179.3280918598,1.0584375000,0.5385000000,0.5368125000
179.4280924797,1.0584375000,0.5390625000,0.5368125000
179.5283656120,1.0586250000,0.5385000000,0.5368125000
179.6283562183,1.0584375000,0.5381250000,0.5373750000
179.7283320427,1.0586250000,0.5390625000,0.5364375000
179.8283386230,1.0586250000,0.5390625000,0.5364375000
179.9283602238,1.0586250000,0.5385000000,0.5373750000
180.0283932686,1.0588125000,0.5390625000,0.5368125000
180.1280558109,1.0588125000,0.5385000000,0.5373750000
180.2281100750,1.0588125000,0.5390625000,0.5368125000
180.3279902935,1.0588125000,0.5390625000,0.5368125000
180.4281110764,1.0588125000,0.5390625000,0.5368125000
180.5284187794,1.0590000000,0.5379375000,0.5368125000
180.6283209324,1.0591875000,0.5386875000,0.5368125000
180.7283101082,1.0590000000,0.5388750000,0.5373750000
180.8282933235,1.0591875000,0.5385000000,0.5373750000
180.9283816814,1.0591875000,0.5386875000,0.5368125000
181.0284609795,1.0593750000,0.5381250000,0.5373750000
181.1281476021,1.0591875000,0.5388750000,0.5373750000
181.2279934883,1.0591875000,0.5386875000,0.5373750000
181.3281092644,1.0593750000,0.5379375000,0.5373750000
181.4280142784,1.0593750000,0.5386875000,0.5368125000
181.5285224915,1.0593750000,0.5390625000,0.5373750000
181.6283917427,1.0593750000,0.5383125000,0.5373750000
181.7283711433,1.0595625000,0.5383125000,0.5373750000
181.8284471035,1.0595625000,0.5381250000,0.5370000000
181.9283816814,1.0595625000,0.5381250000,0.5373750000
182.0284903049,1.0595625000,0.5385000000,0.5368125000
182.1282136440,1.0597500000,0.5381250000,0.5368125000
182.2280633450,1.0597500000,0.5390625000,0.5373750000
182.3281130791,1.0597500000,0.5381250000,0.5373750000
182.4280207157,1.0597500000,0.5390625000,0.5368125000
182.5285668373,1.0597500000,0.5390625000,0.5368125000
182.6285324097,1.0599375000,0.5390625000,0.5368125000
182.7283730507,1.0599375000,0.5385000000,0.5373750000
182.8285524845,1.0599375000,0.5377500000,0.5368125000
182.9284138680,1.0599375000,0.5385000000,0.5368125000
183.0284917355,1.0599375000,0.5381250000,0.5368125000
183.1281228065,1.0601250000,0.5390625000,0.5373750000
183.2280025482,1.0599375000,0.5379375000,0.5368125000
183.3281059265,1.0601250000,0.5385000000,0.5373750000
183.4316616058,1.0603125000,0.5385000000,0.5368125000
183.5289514065,1.0601250000,0.5390625000,0.5368125000
183.6286847591,1.0603125000,0.5385000000,0.5368125000
183.7283148766,1.0603125000,0.5385000000,0.5368125000
183.8284506798,1.0605000000,0.5385000000,0.5368125000
183.9289126396,1.0605000000,0.5385000000,0.5368125000
184.0294272900,1.0605000000,0.5381250000,0.5360625000
184.1328253746,1.0605000000,0.5390625000,0.5360625000
184.2281558514,1.0605000000,0.5381250000,0.5366250000
184.3280558586,1.0605000000,0.5385000000,0.5368125000
184.4281964302,1.0605000000,0.5386875000,0.5368125000
184.5283102989,1.0606875000,0.5381250000,0.5368125000
184.6282782555,1.0606875000,0.5390625000,0.5371875000
184.7283184528,1.0606875000,0.5386875000,0.5366250000
184.8284394741,1.0608750000,0.5390625000,0.5364375000
184.9283394814,1.0608750000,0.5377500000,0.5368125000
185.0284314156,1.0608750000,0.5385000000,0.5368125000
185.1282036304,1.0610625000,0.5390625000,0.5370000000
185.2280964851,1.0610625000,0.5385000000,0.5366250000
185.3282432556,1.0610625000,0.5377500000,0.5360625000
185.4281499386,1.0610625000,0.5386875000,0.5366250000
185.5284674168,1.0612500000,0.5381250000,0.5364375000
185.6284174919,1.0610625000,0.5385000000,0.5368125000
185.7283391953,1.0612500000,0.5385000000,0.5364375000
185.8284020424,1.0612500000,0.5390625000,0.5368125000
185.9282815456,1.0612500000,0.5373750000,0.5364375000
186.0283622742,1.0614375000,0.5381250000,0.5368125000
186.1281552315,1.0614375000,0.5381250000,0.5364375000
186.2280700207,1.0614375000,0.5385000000,0.5364375000
186.3280563354,1.0614375000,0.5385000000,0.5368125000
186.4281296730,1.0616250000,0.5373750000,0.5364375000
186.5283994675,1.0616250000,0.5390625000,0.5364375000
186.6283180714,1.0616250000,0.5381250000,0.5362500000
186.7283761501,1.0616250000,0.5386875000,0.5364375000
186.8284413815,1.0618125000,0.5377500000,0.5364375000
186.9284429550,1.0616250000,0.5377500000,0.5360625000
187.0284242630,1.0618125000,0.5381250000,0.5364375000
187.1281976700,1.0618125000,0.5377500000,0.5360625000
187.2281489372,1.0618125000,0.5381250000,0.5364375000
187.3281502724,1.0620000000,0.5377500000,0.5364375000
187.4282176495,1.0620000000,0.5381250000,0.5364375000
187.5285189152,1.0620000000,0.5386875000,0.5368125000
187.6283431053,1.0620000000,0.5381250000,0.5364375000
187.7284638882,1.0620000000,0.5381250000,0.5366250000
187.8283672333,1.0621875000,0.5386875000,0.5360625000
187.9283092022,1.0621875000,0.5381250000,0.5362500000
188.0282804966,1.0621875000,0.5381250000,0.5366250000
188.1282672882,1.0623750000,0.5381250000,0.5356875000
188.2284531593,1.0623750000,0.5386875000,0.5356875000
188.3290119171,1.0623750000,0.5386875000,0.5358750000
188.4281556606,1.0623750000,0.5386875000,0.5366250000
188.5283095837,1.0623750000,0.5386875000,0.5356875000
188.6283547878,1.0625625000,0.5381250000,0.5364375000
188.7282786369,1.0625625000,0.5381250000,0.5364375000
188.8282744884,1.0625625000,0.5381250000,0.5366250000
188.9281337261,1.0625625000,0.5377500000,0.5360625000
189.0282475948,1.0625625000,0.5381250000,0.5360625000
189.1281471252,1.0627500000,0.5386875000,0.5356875000
189.2281160355,1.0627500000,0.5381250000,0.5360625000
189.3281300068,1.0627500000,0.5381250000,0.5360625000
189.4281504154,1.0629375000,0.5381250000,0.5368125000
189.5285027027,1.0629375000,0.5377500000,0.5368125000
189.6282436848,1.0629375000,0.5390625000,0.5360625000
189.7282359600,1.0629375000,0.5381250000,0.5360625000
189.8282873631,1.0631250000,0.5386875000,0.5358750000
189.9281601906,1.0631250000,0.5381250000,0.5355000000
190.0281844139,1.0631250000,0.5381250000,0.5368125000
190.1281111240,1.0631250000,0.5381250000,0.5360625000
190.2281637192,1.0631250000,0.5386875000,0.5360625000
190.3281655312,1.0633125000,0.5386875000,0.5364375000
190.4281051159,1.0633125000,0.5381250000,0.5356875000
190.5282697678,1.0633125000,0.5381250000,0.5364375000
190.6283524036,1.0633125000,0.5377500000,0.5366250000
190.7282211781,1.0635000000,0.5381250000,0.5360625000
190.8282694817,1.0635000000,0.5381250000,0.5360625000
190.9281969070,1.0635000000,0.5381250000,0.5364375000
191.0283498764,1.0635000000,0.5390625000,0.5356875000
191.1281266212,1.0636875000,0.5381250000,0.5360625000
191.2281751633,1.0636875000,0.5381250000,0.5364375000
191.3280756474,1.0636875000,0.5386875000,0.5360625000
191.4281859398,1.0636875000,0.5377500000,0.5356875000
191.5281658173,1.0638750000,0.5381250000,0.5360625000
191.6282947063,1.0638750000,0.5385000000,0.5360625000
191.7284178734,1.0638750000,0.5385000000,0.5356875000
191.8283858299,1.0638750000,0.5377500000,0.5356875000
191.9283816814,1.0640625000,0.5386875000,0.5360625000
192.0283112526,1.0640625000,0.5390625000,0.5364375000
192.1281001568,1.0640625000,0.5381250000,0.5360625000
192.2282581329,1.0640625000,0.5377500000,0.5360625000
192.3280999660,1.0642500000,0.5377500000,0.5364375000
192.4281728268,1.0640625000,0.5386875000,0.5360625000
192.5282166004,1.0642500000,0.5385000000,0.5366250000
192.6283717155,1.0644375000,0.5385000000,0.5356875000
192.7283618450,1.0642500000,0.5386875000,0.5360625000
192.8283584118,1.0642500000,0.5381250000,0.5358750000
192.9283397198,1.0644375000,0.5385000000,0.5360625000
193.0283770561,1.0644375000,0.5385000000,0.5356875000
193.1282033920,1.0644375000,0.5386875000,0.5356875000
193.2282052040,1.0644375000,0.5381250000,0.5364375000
193.3281841278,1.0646250000,0.5390625000,0.5360625000
193.4282131195,1.0646250000,0.5385000000,0.5364375000
193.5281798840,1.0648125000,0.5385000000,0.5360625000
193.6284172535,1.0646250000,0.5385000000,0.5364375000
193.7284345627,1.0648125000,0.5386875000,0.5356875000
193.8284649849,1.0648125000,0.5385000000,0.5360625000
193.9284360409,1.0650000000,0.5390625000,0.5368125000
194.0283887386,1.0650000000,0.5390625000,0.5360625000
194.1281769276,1.0648125000,0.5385000000,0.5360625000
194.2282106876,1.0650000000,0.5390625000,0.5360625000
194.3281497955,1.0650000000,0.5390625000,0.5364375000
194.4281299114,1.0650000000,0.5385000000,0.5368125000
194.5282561779,1.0651875000,0.5385000000,0.5360625000
194.6284456253,1.0650000000,0.5385000000,0.5360625000
194.7283878326,1.0651875000,0.5385000000,0.5360625000
194.8285439014,1.0651875000,0.5385000000,0.5360625000
194.9284489155,1.0651875000,0.5385000000,0.5364375000
195.0283701420,1.0653750000,0.5385000000,0.5360625000
195.1281859875,1.0653750000,0.5385000000,0.5358750000
195.2283453941,1.0653750000,0.5385000000,0.5360625000
195.3282890320,1.0653750000,0.5385000000,0.5356875000
195.4281604290,1.0655625000,0.5390625000,0.5362500000
195.5283594131,1.0655625000,0.5385000000,0.5360625000
195.6283299923,1.0655625000,0.5385000000,0.5364375000
195.7284617424,1.0655625000,0.5385000000,0.5360625000
195.8283064365,1.0657500000,0.5385000000,0.5364375000
195.9283552170,1.0657500000,0.5385000000,0.5364375000
196.0283837318,1.0659375000,0.5385000000,0.5362500000
196.1282324791,1.0657500000,0.5385000000,0.5364375000
196.2282409668,1.0659375000,0.5385000000,0.5362500000
196.3360493183,1.0657500000,0.5385000000,0.5360625000
196.4283807278,1.0659375000,0.5385000000,0.5364375000
196.5284097195,1.0661250000,0.5385000000,0.5364375000
196.6284639835,1.0659375000,0.5385000000,0.5368125000
196.7284669876,1.0659375000,0.5385000000,0.5362500000
196.8285458088,1.0661250000,0.5385000000,0.5356875000
196.9283547401,1.0663125000,0.5390625000,0.5362500000
197.0297002792,1.0661250000,0.5385000000,0.5356875000
197.1417171955,1.0661250000,0.5385000000,0.5349375000
197.2320649624,1.0661250000,0.5377500000,0.5356875000
197.3423047066,1.0663125000,0.5385000000,0.5351250000
197.4308443069,1.0665000000,0.5381250000,0.5360625000
197.5292246342,1.0665000000,0.5385000000,0.5356875000
197.6296184063,1.0666875000,0.5385000000,0.5356875000
197.7283518314,1.0665000000,0.5386875000,0.5362500000
197.8285915852,1.0665000000,0.5386875000,0.5360625000
197.9295635223,1.0666875000,0.5394375000,0.5356875000
198.0283739567,1.0665000000,0.5390625000,0.5364375000
198.1281745434,1.0665000000,0.5394375000,0.5360625000
198.2282884121,1.0666875000,0.5394375000,0.5360625000
198.3283004761,1.0666875000,0.5385000000,0.5351250000
198.4281725883,1.0666875000,0.5394375000,0.5356875000
198.5282788277,1.0668750000,0.5394375000,0.5356875000
198.6285519600,1.0668750000,0.5394375000,0.5368125000
198.7283768654,1.0668750000,0.5381250000,0.5360625000
198.8283958435,1.0670625000,0.5386875000,0.5356875000
198.9284000397,1.0668750000,0.5390625000,0.5356875000
199.0283644199,1.0670625000,0.5394375000,0.5356875000
199.1281819344,1.0670625000,0.5390625000,0.5362500000
199.2309508324,1.0672500000,0.5385000000,0.5364375000
199.3282084465,1.0672500000,0.5390625000,0.5356875000
199.4283514023,1.0670625000,0.5390625000,0.5360625000
199.5283861160,1.0672500000,0.5394375000,0.5351250000
199.6283226013,1.0672500000,0.5394375000,0.5362500000
199.7284927368,1.0672500000,0.5394375000,0.5351250000
199.8282847404,1.0674375000,0.5394375000,0.5360625000
199.9281783104,1.0674375000,0.5394375000,0.5351250000
200.0283465385,1.0674375000,0.5385000000,0.5362500000
200.1281635761,1.0674375000,0.5394375000,0.5360625000
200.2283170223,1.0676250000,0.5394375000,0.5358750000
200.3282663822,1.0676250000,0.5386875000,0.5368125000
200.4281497002,1.0676250000,0.5394375000,0.5356875000
200.5285191536,1.0676250000,0.5386875000,0.5360625000
200.6284728050,1.0678125000,0.5390625000,0.5360625000
200.7284359932,1.0678125000,0.5381250000,0.5358750000
200.8283538818,1.0678125000,0.5394375000,0.5358750000
200.9281785488,1.0678125000,0.5390625000,0.5358750000
201.0283527374,1.0678125000,0.5394375000,0.5358750000
201.1281800270,1.0680000000,0.5394375000,0.5356875000
201.2290785313,1.0680000000,0.5394375000,0.5356875000
201.3281967640,1.0680000000,0.5394375000,0.5358750000
201.4282388687,1.0680000000,0.5394375000,0.5360625000
201.5284814835,1.0680000000,0.5390625000,0.5356875000
201.6283009052,1.0680000000,0.5377500000,0.5351250000
201.7284500599,1.0681875000,0.5390625000,0.5360625000
201.8283333778,1.0683750000,0.5390625000,0.5356875000
201.9284288883,1.0681875000,0.5390625000,0.5360625000
202.0283448696,1.0683750000,0.5385000000,0.5360625000
202.1281766891,1.0683750000,0.5390625000,0.5356875000
202.2281467915,1.0683750000,0.5390625000,0.5360625000
202.3282754421,1.0683750000,0.5390625000,0.5356875000
202.4282300472,1.0683750000,0.5390625000,0.5364375000
202.5284667015,1.0685625000,0.5390625000,0.5356875000
202.6283509731,1.0685625000,0.5390625000,0.5360625000
202.7285096645,1.0685625000,0.5390625000,0.5360625000
202.8283228874,1.0687500000,0.5390625000,0.5356875000
202.9283852577,1.0687500000,0.5390625000,0.5364375000
203.0285294056,1.0687500000,0.5390625000,0.5360625000
203.1281263828,1.0687500000,0.5390625000,0.5360625000
203.2281725407,1.0687500000,0.5390625000,0.5360625000
203.3281788826,1.0689375000,0.5390625000,0.5360625000
203.4310171604,1.0689375000,0.5390625000,0.5360625000
203.5284867287,1.0689375000,0.5385000000,0.5360625000
203.6283998489,1.0689375000,0.5385000000,0.5360625000
203.7283773422,1.0691250000,0.5394375000,0.5360625000
203.8287856579,1.0689375000,0.5385000000,0.5360625000
203.9285104275,1.0691250000,0.5381250000,0.5364375000
204.0283496380,1.0691250000,0.5390625000,0.5360625000
204.1281964779,1.0691250000,0.5388750000,0.5360625000
204.2283408642,1.0691250000,0.5394375000,0.5360625000
204.3282074928,1.0693125000,0.5392500000,0.5360625000
204.4281673431,1.0693125000,0.5383125000,0.5360625000
204.5284147263,1.0695000000,0.5385000000,0.5360625000
204.6284120083,1.0695000000,0.5385000000,0.5360625000
204.7284028530,1.0693125000,0.5390625000,0.5364375000
204.8283667564,1.0695000000,0.5388750000,0.5360625000
204.9283430576,1.0695000000,0.5383125000,0.5360625000
205.0284023285,1.0695000000,0.5392500000,0.5360625000
205.1282732487,1.0695000000,0.5392500000,0.5368125000
205.2282867432,1.0696875000,0.5386875000,0.5360625000
205.3281621933,1.0696875000,0.5392500000,0.5360625000
205.4281690121,1.0696875000,0.5390625000,0.5364375000
205.5284118652,1.0696875000,0.5386875000,0.5364375000
205.6283195019,1.0696875000,0.5390625000,0.5370000000
205.7285566330,1.0698750000,0.5386875000,0.5364375000
205.8284020424,1.0698750000,0.5385000000,0.5364375000
205.9284572601,1.0698750000,0.5385000000,0.5364375000
206.0284585953,1.0698750000,0.5390625000,0.5364375000
206.1281552315,1.0700625000,0.5386875000,0.5364375000
206.2281544209,1.0700625000,0.5386875000,0.5364375000
206.3282871246,1.0700625000,0.5390625000,0.5364375000
206.4281718731,1.0700625000,0.5386875000,0.5370000000
206.5283403397,1.0700625000,0.5385000000,0.5364375000
206.6284239292,1.0702500000,0.5385000000,0.5370000000
206.7284755707,1.0702500000,0.5385000000,0.5364375000
206.8285048008,1.0702500000,0.5385000000,0.5364375000
206.9285528660,1.0702500000,0.5390625000,0.5364375000
207.0284974575,1.0702500000,0.5385000000,0.5364375000
207.1282310486,1.0704375000,0.5388750000,0.5368125000
207.2282824516,1.0704375000,0.5385000000,0.5360625000
207.3281948566,1.0704375000,0.5385000000,0.5364375000
207.4281423092,1.0706250000,0.5390625000,0.5368125000
207.5286874771,1.0704375000,0.5385000000,0.5364375000
207.6285099983,1.0706250000,0.5385000000,0.5364375000
207.7283546925,1.0706250000,0.5385000000,0.5364375000
207.8284592628,1.0706250000,0.5385000000,0.5364375000
207.9283723831,1.0706250000,0.5385000000,0.5364375000
208.0284385681,1.0706250000,0.5381250000,0.5368125000
208.1284620762,1.0706250000,0.5388750000,0.5364375000
208.2284564972,1.0708125000,0.5385000000,0.5364375000
208.3286154270,1.0708125000,0.5385000000,0.5364375000
208.4284808636,1.0710000000,0.5381250000,0.5373750000
208.5284895897,1.0708125000,0.5392500000,0.5370000000
208.6290357113,1.0710000000,0.5390625000,0.5368125000
208.7290198803,1.0710000000,0.5390625000,0.5368125000
208.8286068439,1.0710000000,0.5385000000,0.5364375000
208.9288721085,1.0710000000,0.5377500000,0.5364375000
209.0284383297,1.0711875000,0.5379375000,0.5360625000
209.1281950474,1.0711875000,0.5385000000,0.5364375000
209.2281916142,1.0711875000,0.5390625000,0.5364375000
209.3282375336,1.0713750000,0.5381250000,0.5360625000
209.4282305241,1.0713750000,0.5385000000,0.5368125000
209.5282468796,1.0713750000,0.5388750000,0.5368125000
209.6284215450,1.0713750000,0.5381250000,0.5368125000
209.7284080982,1.0713750000,0.5385000000,0.5360625000
209.8284621239,1.0715625000,0.5388750000,0.5368125000
209.9283702374,1.0713750000,0.5381250000,0.5368125000
210.0284445286,1.0717500000,0.5381250000,0.5368125000
210.1283497810,1.0717500000,0.5394375000,0.5368125000
210.2312867641,1.0717500000,0.5386875000,0.5373750000
210.3283097744,1.0717500000,0.5381250000,0.5373750000
210.4283652306,1.0717500000,0.5385000000,0.5368125000
210.5284388065,1.0717500000,0.5385000000,0.5368125000
210.6287105083,1.0717500000,0.5381250000,0.5368125000
210.7298483849,1.0717500000,0.5377500000,0.5368125000
210.8287961483,1.0719375000,0.5385000000,0.5368125000
210.9289472103,1.0719375000,0.5385000000,0.5368125000
211.0289969444,1.0721250000,0.5377500000,0.5368125000
211.1282951832,1.0721250000,0.5381250000,0.5368125000
211.2282457352,1.0721250000,0.5385000000,0.5368125000
211.3283755779,1.0721250000,0.5381250000,0.5373750000
211.4285638332,1.0721250000,0.5381250000,0.5368125000
211.5286107063,1.0721250000,0.5385000000,0.5368125000
211.6287074089,1.0721250000,0.5385000000,0.5368125000
211.7300345898,1.0721250000,0.5390625000,0.5373750000
211.8284564018,1.0723125000,0.5390625000,0.5368125000
211.9301290512,1.0725000000,0.5381250000,0.5368125000
212.0287761688,1.0725000000,0.5390625000,0.5368125000
212.1283729076,1.0723125000,0.5388750000,0.5368125000
212.2282512188,1.0725000000,0.5385000000,0.5368125000
212.3283538818,1.0725000000,0.5385000000,0.5368125000
212.4282546043,1.0725000000,0.5381250000,0.5373750000
212.5292437077,1.0726875000,0.5390625000,0.5368125000
212.6286654472,1.0726875000,0.5381250000,0.5373750000
212.7286844254,1.0726875000,0.5385000000,0.5373750000
212.8287577629,1.0726875000,0.5385000000,0.5368125000
212.9285807610,1.0726875000,0.5385000000,0.5368125000
213.0287716389,1.0728750000,0.5385000000,0.5373750000
213.1285905838,1.0728750000,0.5385000000,0.5373750000
213.2285654545,1.0728750000,0.5385000000,0.5368125000
213.3284001350,1.0728750000,0.5388750000,0.5368125000
213.4284300804,1.0728750000,0.5385000000,0.5373750000
213.5286772251,1.0728750000,0.5385000000,0.5368125000
213.6287894249,1.0730625000,0.5385000000,0.5373750000
213.7287387848,1.0732500000,0.5385000000,0.5373750000
213.8285465240,1.0730625000,0.5381250000,0.5373750000
213.9284410477,1.0732500000,0.5386875000,0.5373750000
214.0284278393,1.0730625000,0.5390625000,0.5368125000
214.1283748150,1.0732500000,0.5392500000,0.5364375000
214.2282395363,1.0732500000,0.5385000000,0.5364375000
214.3282158375,1.0732500000,0.5385000000,0.5368125000
214.4283442497,1.0732500000,0.5385000000,0.5368125000
214.5284297466,1.0734375000,0.5385000000,0.5373750000
214.6285941601,1.0734375000,0.5385000000,0.5373750000
214.7284662724,1.0736250000,0.5386875000,0.5368125000
214.8285245895,1.0734375000,0.5385000000,0.5373750000
214.9284837246,1.0736250000,0.5385000000,0.5368125000
215.0285069942,1.0736250000,0.5379375000,0.5368125000
215.1287291050,1.0736250000,0.5381250000,0.5368125000
215.2285475731,1.0736250000,0.5390625000,0.5373750000
215.3286895752,1.0736250000,0.5381250000,0.5373750000
215.4288458824,1.0736250000,0.5388750000,0.5368125000
215.5289075375,1.0738125000,0.5383125000,0.5373750000
215.6289858818,1.0738125000,0.5381250000,0.5373750000
215.7286226749,1.0738125000,0.5381250000,0.5373750000
215.8286626339,1.0740000000,0.5385000000,0.5364375000
215.9284942150,1.0738125000,0.5390625000,0.5373750000
216.0285289288,1.0740000000,0.5388750000,0.5373750000
216.1284124851,1.0740000000,0.5379375000,0.5373750000
216.2284052372,1.0740000000,0.5385000000,0.5368125000
216.3283870220,1.0740000000,0.5386875000,0.5364375000
216.4283220768,1.0741875000,0.5390625000,0.5368125000
216.5284514427,1.0741875000,0.5386875000,0.5368125000
216.6287460327,1.0741875000,0.5381250000,0.5364375000
216.7285158634,1.0741875000,0.5385000000,0.5373750000
216.8284177780,1.0741875000,0.5388750000,0.5368125000
216.9285044670,1.0743750000,0.5385000000,0.5373750000
217.0285413265,1.0743750000,0.5385000000,0.5373750000
217.1284687519,1.0743750000,0.5386875000,0.5373750000
217.2283143997,1.0743750000,0.5390625000,0.5373750000
217.3283870220,1.0745625000,0.5390625000,0.5373750000
217.4283950329,1.0743750000,0.5390625000,0.5373750000
217.5285606384,1.0743750000,0.5385000000,0.5368125000
217.6286678314,1.0745625000,0.5381250000,0.5373750000
217.7285802364,1.0745625000,0.5381250000,0.5373750000
217.8285083771,1.0747500000,0.5385000000,0.5373750000
217.9284870625,1.0745625000,0.5390625000,0.5373750000
218.0285336971,1.0747500000,0.5381250000,0.5373750000
218.1283338070,1.0747500000,0.5385000000,0.5373750000
218.2285807133,1.0749375000,0.5385000000,0.5368125000
218.3285548687,1.0747500000,0.5390625000,0.5373750000
218.4284479618,1.0749375000,0.5390625000,0.5373750000
218.5286538601,1.0749375000,0.5385000000,0.5368125000
218.6288437843,1.0751250000,0.5390625000,0.5368125000
218.7289352417,1.0751250000,0.5390625000,0.5368125000
218.8286786079,1.0749375000,0.5385000000,0.5368125000
218.9286417961,1.0749375000,0.5381250000,0.5364375000
219.0289967060,1.0751250000,0.5377500000,0.5368125000
219.1283638477,1.0751250000,0.5381250000,0.5368125000
219.2288126945,1.0751250000,0.5377500000,0.5368125000
219.3287422657,1.0753125000,0.5377500000,0.5368125000
219.4285390377,1.0753125000,0.5381250000,0.5366250000
219.5286493301,1.0753125000,0.5377500000,0.5368125000
219.6302108765,1.0753125000,0.5390625000,0.5371875000
219.7286574841,1.0753125000,0.5373750000,0.5368125000
219.8285827637,1.0755000000,0.5373750000,0.5364375000
219.9286088943,1.0755000000,0.5390625000,0.5368125000
220.0286216736,1.0755000000,0.5381250000,0.5368125000
220.1283416748,1.0756875000,0.5385000000,0.5364375000
220.2283561230,1.0756875000,0.5390625000,0.5368125000
220.3283603191,1.0755000000,0.5381250000,0.5370000000
220.4283411503,1.0755000000,0.5381250000,0.5368125000
220.5286717415,1.0756875000,0.5386875000,0.5364375000
220.6286437511,1.0756875000,0.5390625000,0.5366250000
220.7285931110,1.0758750000,0.5386875000,0.5364375000
220.8290154934,1.0758750000,0.5377500000,0.5364375000
220.9292836189,1.0758750000,0.5375625000,0.5366250000
221.0303211212,1.0758750000,0.5377500000,0.5360625000
221.1283197403,1.0758750000,0.5385000000,0.5362500000
221.2282934189,1.0758750000,0.5381250000,0.5364375000
221.3282947540,1.0760625000,0.5385000000,0.5371875000
221.4282722473,1.0760625000,0.5388750000,0.5368125000
221.5287306309,1.0762500000,0.5377500000,0.5360625000
221.6285622120,1.0760625000,0.5377500000,0.5364375000
221.7287957668,1.0760625000,0.5385000000,0.5364375000
221.8285064697,1.0762500000,0.5385000000,0.5366250000
221.9293467999,1.0762500000,0.5381250000,0.5364375000
222.0286476612,1.0762500000,0.5381250000,0.5368125000
222.1285014153,1.0762500000,0.5385000000,0.5362500000
222.2287552357,1.0762500000,0.5381250000,0.5368125000
222.3284702301,1.0764375000,0.5377500000,0.5368125000
222.4287407398,1.0764375000,0.5386875000,0.5360625000
222.5285601616,1.0764375000,0.5377500000,0.5364375000
222.6289205551,1.0764375000,0.5377500000,0.5360625000
222.7288610935,1.0766250000,0.5381250000,0.5364375000
222.8286943436,1.0768125000,0.5381250000,0.5368125000
222.9285967350,1.0766250000,0.5381250000,0.5358750000
223.0286965370,1.0766250000,0.5386875000,0.5368125000
223.1287121773,1.0766250000,0.5385000000,0.5364375000
223.2284371853,1.0766250000,0.5381250000,0.5364375000
223.3284926414,1.0768125000,0.5381250000,0.5362500000
223.4287285805,1.0768125000,0.5377500000,0.5364375000
223.5286891460,1.0770000000,0.5390625000,0.5356875000
223.6290502548,1.0770000000,0.5381250000,0.5364375000
223.7286746502,1.0768125000,0.5381250000,0.5360625000
223.8285470009,1.0770000000,0.5381250000,0.5364375000
223.9286246300,1.0770000000,0.5381250000,0.5364375000
224.0286047459,1.0771875000,0.5381250000,0.5360625000
224.1283726692,1.0771875000,0.5381250000,0.5368125000
224.2284302711,1.0771875000,0.5390625000,0.5364375000
224.3284952641,1.0770000000,0.5381250000,0.5364375000
224.4284415245,1.0771875000,0.5381250000,0.5360625000
224.5285332203,1.0771875000,0.5377500000,0.5366250000
224.6285779476,1.0773750000,0.5390625000,0.5356875000
224.7285175323,1.0771875000,0.5381250000,0.5362500000
224.8285672665,1.0773750000,0.5386875000,0.5360625000
224.9285383224,1.0773750000,0.5381250000,0.5360625000
225.0287971497,1.0773750000,0.5381250000,0.5356875000
225.1284079552,1.0775625000,0.5385000000,0.5356875000
225.2283911705,1.0773750000,0.5385000000,0.5353125000
225.3284292221,1.0775625000,0.5377500000,0.5368125000
225.4284176826,1.0777500000,0.5381250000,0.5356875000
225.5284230709,1.0777500000,0.5381250000,0.5362500000
225.6285417080,1.0777500000,0.5381250000,0.5356875000
225.7287151814,1.0777500000,0.5381250000,0.5349375000
225.8285765648,1.0775625000,0.5381250000,0.5356875000
225.9287223816,1.0777500000,0.5381250000,0.5364375000
226.0287837982,1.0777500000,0.5377500000,0.5358750000
226.1283710003,1.0777500000,0.5381250000,0.5362500000
226.2284114361,1.0779375000,0.5381250000,0.5351250000
226.3320491314,1.0779375000,0.5385000000,0.5360625000
226.4283268452,1.0779375000,0.5381250000,0.5360625000
226.5284879208,1.0779375000,0.5385000000,0.5356875000
226.6284694672,1.0781250000,0.5390625000,0.5368125000
226.7286307812,1.0779375000,0.5386875000,0.5360625000
226.8285198212,1.0781250000,0.5381250000,0.5356875000
226.9292900562,1.0781250000,0.5381250000,0.5360625000
227.0285005569,1.0783125000,0.5381250000,0.5364375000
227.1283550262,1.0781250000,0.5381250000,0.5364375000
227.2283744812,1.0781250000,0.5381250000,0.5351250000
227.3283603191,1.0783125000,0.5381250000,0.5360625000
227.4283697605,1.0783125000,0.5385000000,0.5366250000
227.5283336639,1.0785000000,0.5386875000,0.5364375000
227.6285066605,1.0783125000,0.5381250000,0.5360625000
227.7284927368,1.0785000000,0.5377500000,0.5362500000
227.8284842968,1.0785000000,0.5381250000,0.5362500000
227.9285109043,1.0785000000,0.5385000000,0.5356875000
228.0286498070,1.0785000000,0.5381250000,0.5360625000
228.1283669472,1.0786875000,0.5390625000,0.5360625000
228.2284209728,1.0785000000,0.5386875000,0.5360625000
228.3283433914,1.0786875000,0.5385000000,0.5360625000
228.4283592701,1.0786875000,0.5377500000,0.5360625000
228.5300962925,1.0786875000,0.5381250000,0.5360625000
228.6285631657,1.0786875000,0.5385000000,0.5356875000
228.7285983562,1.0788750000,0.5385000000,0.5364375000
228.8285655975,1.0788750000,0.5385000000,0.5358750000
228.9284813404,1.0788750000,0.5385000000,0.5358750000
229.0284993649,1.0788750000,0.5377500000,0.5356875000
229.1284055710,1.0790625000,0.5381250000,0.5356875000
229.2283844948,1.0790625000,0.5385000000,0.5368125000
229.3284838200,1.0790625000,0.5385000000,0.5360625000
229.4283971786,1.0790625000,0.5390625000,0.5360625000
229.5285594463,1.0792500000,0.5385000000,0.5368125000
229.6286799908,1.0792500000,0.5385000000,0.5351250000
229.7305490971,1.0790625000,0.5385000000,0.5356875000
229.8287928104,1.0792500000,0.5381250000,0.5360625000
229.9287009239,1.0792500000,0.5377500000,0.5360625000
230.0287790298,1.0794375000,0.5385000000,0.5364375000
230.1283786297,1.0794375000,0.5385000000,0.5360625000
230.2284228802,1.0794375000,0.5385000000,0.5360625000
230.3283805847,1.0794375000,0.5385000000,0.5364375000
230.4283826351,1.0794375000,0.5385000000,0.5360625000
230.5285663605,1.0794375000,0.5385000000,0.5356875000
230.6287124157,1.0794375000,0.5385000000,0.5364375000
230.7286038399,1.0794375000,0.5385000000,0.5360625000
230.8286225796,1.0796250000,0.5386875000,0.5360625000
230.9285900593,1.0796250000,0.5390625000,0.5356875000
231.0285706520,1.0657500000,0.5386875000,0.5370000000
231.1284179688,1.0753125000,0.5386875000,0.5373750000
231.2304399014,1.0741875000,0.5386875000,0.5368125000
231.3283774853,1.0715625000,0.5390625000,0.5360625000
231.4283857346,1.0706250000,0.5386875000,0.5364375000
231.5286312103,1.0696875000,0.5386875000,0.5370000000
231.6285128593,1.0681875000,0.5386875000,0.5370000000
231.7285380363,1.0743750000,0.5385000000,0.5356875000
231.8285934925,1.0749375000,0.5385000000,0.5368125000
231.9285547733,1.0755000000,0.5385000000,0.5356875000
232.0285825729,1.0758750000,0.5377500000,0.5360625000
232.1284005642,1.0760625000,0.5385000000,0.5368125000
232.2283670902,1.0766250000,0.5385000000,0.5360625000
232.3283827305,1.0768125000,0.5385000000,0.5360625000
232.4285118580,1.0771875000,0.5377500000,0.5351250000
232.5287992954,1.0773750000,0.5385000000,0.5360625000
232.6285386086,1.0777500000,0.5385000000,0.5362500000
232.7285897732,1.0779375000,0.5385000000,0.5356875000
232.8285498619,1.0781250000,0.5385000000,0.5362500000
232.9284772873,1.0785000000,0.5385000000,0.5356875000
233.0285868645,1.0785000000,0.5385000000,0.5366250000
233.1283981800,1.0788750000,0.5385000000,0.5358750000
233.2283904552,1.0790625000,0.5385000000,0.5362500000
233.3283925056,1.0790625000,0.5385000000,0.5360625000
233.4283590317,1.0794375000,0.5390625000,0.5364375000
233.5285284519,1.0794375000,0.5385000000,0.5364375000
233.6285047531,1.0796250000,0.5385000000,0.5364375000
233.7284924984,1.0798125000,0.5390625000,0.5364375000
233.8286530972,1.0801875000,0.5390625000,0.5368125000
233.9285323620,1.0801875000,0.5394375000,0.5355000000
234.0285105705,1.0803750000,0.5381250000,0.5368125000
234.1287062168,1.0803750000,0.5394375000,0.5364375000
234.2285127640,1.0807500000,0.5390625000,0.5364375000
234.3284840584,1.0807500000,0.5390625000,0.5362500000
234.4287047386,1.0807500000,0.5390625000,0.5364375000
234.5286359787,1.0809375000,0.5394375000,0.5368125000
234.6285972595,1.0811250000,0.5394375000,0.5356875000
234.7286434174,1.0811250000,0.5394375000,0.5368125000
234.8285007477,1.0813125000,0.5394375000,0.5360625000
234.9304225445,1.0813125000,0.5390625000,0.5362500000
235.0295846462,1.0815000000,0.5394375000,0.5356875000
235.1323504448,1.0815000000,0.5390625000,0.5360625000
235.2284138203,1.0816875000,0.5390625000,0.5356875000
235.3283960819,1.0816875000,0.5390625000,0.5358750000
235.4284591675,1.0816875000,0.5394375000,0.5360625000
235.5283937454,1.0818750000,0.5394375000,0.5364375000
235.6285488605,1.0820625000,0.5390625000,0.5356875000
235.7285306454,1.0820625000,0.5390625000,0.5355000000
235.8286283016,1.0820625000,0.5390625000,0.5358750000
235.9285440445,1.0820625000,0.5394375000,0.5360625000
236.0285725594,1.0820625000,0.5390625000,0.5358750000
236.1283872128,1.0822500000,0.5394375000,0.5356875000
236.2283957005,1.0824375000,0.5394375000,0.5360625000
236.3284027576,1.0822500000,0.5394375000,0.5360625000
236.4284310341,1.0824375000,0.5377500000,0.5360625000
236.5285627842,1.0824375000,0.5390625000,0.5356875000
236.6286201477,1.0826250000,0.5394375000,0.5360625000
236.7285511494,1.0826250000,0.5394375000,0.5360625000
236.8285398483,1.0826250000,0.5390625000,0.5360625000
236.9285295010,1.0826250000,0.5394375000,0.5360625000
237.0286138058,1.0828125000,0.5394375000,0.5356875000
237.1286873817,1.0828125000,0.5390625000,0.5360625000
237.2284488678,1.0828125000,0.5390625000,0.5360625000
237.3284828663,1.0828125000,0.5390625000,0.5356875000
237.4286909103,1.0828125000,0.5390625000,0.5351250000
237.5306890011,1.0830000000,0.5386875000,0.5364375000
237.6285419464,1.0830000000,0.5390625000,0.5364375000
237.7285237312,1.0830000000,0.5390625000,0.5360625000
237.8285217285,1.0831875000,0.5390625000,0.5351250000
237.9285566807,1.0831875000,0.5390625000,0.5351250000
238.0286331177,1.0833750000,0.5390625000,0.5360625000
238.1284291744,1.0831875000,0.5390625000,0.5356875000
238.2283596992,1.0833750000,0.5390625000,0.5364375000
238.3284249306,1.0831875000,0.5381250000,0.5360625000
238.4284155369,1.0833750000,0.5385000000,0.5360625000
238.5285549164,1.0833750000,0.5394375000,0.5360625000
238.6285655499,1.0833750000,0.5388750000,0.5360625000
238.7285335064,1.0833750000,0.5394375000,0.5360625000
238.8286104202,1.0833750000,0.5390625000,0.5360625000
238.9285719395,1.0835625000,0.5381250000,0.5360625000
239.0286197662,1.0835625000,0.5392500000,0.5360625000
239.1285603046,1.0835625000,0.5388750000,0.5360625000
239.2285156250,1.0835625000,0.5392500000,0.5360625000
239.3284695148,1.0835625000,0.5388750000,0.5360625000
239.4285156727,1.0835625000,0.5392500000,0.5364375000
239.5286014080,1.0837500000,0.5392500000,0.5370000000
239.6286623478,1.0839375000,0.5383125000,0.5360625000
239.7286472321,1.0837500000,0.5388750000,0.5364375000
239.8294715881,1.0839375000,0.5385000000,0.5364375000
239.9286255836,1.0839375000,0.5392500000,0.5364375000
240.0287721157,1.0837500000,0.5385000000,0.5364375000
240.1283545494,1.0837500000,0.5392500000,0.5360625000
240.2283315659,1.0839375000,0.5385000000,0.5370000000
240.3284246922,1.0839375000,0.5381250000,0.5370000000
240.4283745289,1.0839375000,0.5388750000,0.5364375000
240.5285093784,1.0839375000,0.5386875000,0.5364375000
240.6284403801,1.0839375000,0.5385000000,0.5364375000
240.7284572124,1.0839375000,0.5385000000,0.5364375000
240.8284900188,1.0839375000,0.5385000000,0.5364375000
240.9284427166,1.0841250000,0.5385000000,0.5370000000
241.0285398960,1.0841250000,0.5385000000,0.5370000000
241.1283857822,1.0841250000,0.5390625000,0.5364375000
241.2283601761,1.0841250000,0.5390625000,0.5364375000
241.3284420967,1.0841250000,0.5390625000,0.5364375000
241.4284067154,1.0841250000,0.5381250000,0.5364375000
241.5284836292,1.0841250000,0.5390625000,0.5360625000
241.6285264492,1.0843125000,0.5385000000,0.5364375000
241.7284741402,1.0841250000,0.5385000000,0.5364375000
241.8284471035,1.0843125000,0.5386875000,0.5364375000
241.9285299778,1.0843125000,0.5388750000,0.5364375000
242.0285315514,1.0841250000,0.5381250000,0.5373750000
242.1285932064,1.0843125000,0.5388750000,0.5360625000
242.2285733223,1.0841250000,0.5381250000,0.5364375000
242.3285207748,1.0843125000,0.5381250000,0.5360625000
242.4284954071,1.0843125000,0.5385000000,0.5364375000
242.5287284851,1.0843125000,0.5385000000,0.5364375000
242.6287896633,1.0843125000,0.5385000000,0.5368125000
242.7304439545,1.0843125000,0.5385000000,0.5364375000
242.8286297321,1.0843125000,0.5385000000,0.5368125000
242.9288964272,1.0843125000,0.5379375000,0.5368125000
243.0286247730,1.0843125000,0.5390625000,0.5368125000
243.1285212040,1.0843125000,0.5388750000,0.5364375000
243.2285110950,1.0843125000,0.5388750000,0.5373750000
243.3284597397,1.0843125000,0.5383125000,0.5368125000
243.4285185337,1.0843125000,0.5385000000,0.5368125000
243.5287680626,1.0843125000,0.5381250000,0.5358750000
243.6286299229,1.0845000000,0.5381250000,0.5368125000
243.7288339138,1.0845000000,0.5385000000,0.5368125000
243.8287615776,1.0843125000,0.5385000000,0.5368125000
243.9289846420,1.0845000000,0.5377500000,0.5370000000
244.0289392471,1.0843125000,0.5388750000,0.5368125000
244.1284935474,1.0843125000,0.5383125000,0.5364375000
244.2285354137,1.0843125000,0.5390625000,0.5373750000
244.3285367489,1.0845000000,0.5377500000,0.5373750000
244.4284653664,1.0845000000,0.5385000000,0.5368125000
244.5288815498,1.0845000000,0.5390625000,0.5368125000
244.6286103725,1.0843125000,0.5385000000,0.5368125000
244.7287886143,1.0845000000,0.5385000000,0.5368125000
244.8286049366,1.0843125000,0.5390625000,0.5364375000
244.9285969734,1.0843125000,0.5381250000,0.5368125000
245.0285837650,1.0845000000,0.5385000000,0.5368125000
245.1283929348,1.0843125000,0.5377500000,0.5368125000
245.2284741402,1.0843125000,0.5381250000,0.5368125000
245.3284394741,1.0845000000,0.5385000000,0.5368125000
245.4284369946,1.0843125000,0.5385000000,0.5368125000
245.5285151005,1.0845000000,0.5377500000,0.5368125000
245.6285367012,1.0845000000,0.5377500000,0.5368125000
245.7285566330,1.0843125000,0.5377500000,0.5368125000
245.8285913467,1.0845000000,0.5385000000,0.5368125000
245.9285821915,1.0843125000,0.5385000000,0.5368125000
246.0286927223,1.0845000000,0.5388750000,0.5368125000
246.1283967495,1.0843125000,0.5381250000,0.5368125000
246.2285146713,1.0843125000,0.5377500000,0.5373750000
246.3284873962,1.0843125000,0.5381250000,0.5368125000
246.4284954071,1.0843125000,0.5385000000,0.5368125000
246.5285592079,1.0843125000,0.5385000000,0.5364375000
246.6286046505,1.0843125000,0.5385000000,0.5368125000
246.7285954952,1.0843125000,0.5390625000,0.5364375000
246.8286833763,1.0843125000,0.5385000000,0.5368125000
246.9286062717,1.0843125000,0.5385000000,0.5368125000
247.0286514759,1.0843125000,0.5385000000,0.5368125000
247.1285486221,1.0843125000,0.5390625000,0.5368125000
247.2285218239,1.0841250000,0.5385000000,0.5373750000
247.3289213181,1.0843125000,0.5385000000,0.5373750000
247.4285552502,1.0843125000,0.5381250000,0.5373750000
247.5285480022,1.0841250000,0.5390625000,0.5373750000
247.6286585331,1.0841250000,0.5377500000,0.5368125000
247.7286567688,1.0843125000,0.5385000000,0.5368125000
247.8286225796,1.0841250000,0.5385000000,0.5373750000
247.9286637306,1.0841250000,0.5385000000,0.5373750000
248.0287289619,1.0841250000,0.5381250000,0.5368125000
248.1285889149,1.0841250000,0.5381250000,0.5373750000
248.2285242081,1.0841250000,0.5385000000,0.5364375000
248.3285124302,1.0841250000,0.5381250000,0.5368125000
248.4285144806,1.0841250000,0.5385000000,0.5373750000
248.5286884308,1.0841250000,0.5385000000,0.5373750000
248.6287570000,1.0839375000,0.5381250000,0.5373750000
248.7286460400,1.0841250000,0.5390625000,0.5368125000
248.8287067413,1.0839375000,0.5377500000,0.5373750000
248.9285886288,1.0839375000,0.5388750000,0.5368125000
249.0286297798,1.0839375000,0.5381250000,0.5373750000
249.1284418106,1.0837500000,0.5385000000,0.5368125000
249.2283592224,1.0839375000,0.5385000000,0.5364375000
249.3284323215,1.0839375000,0.5390625000,0.5364375000
249.4283907413,1.0837500000,0.5390625000,0.5364375000
249.5283682346,1.0839375000,0.5390625000,0.5373750000
249.6285822392,1.0839375000,0.5390625000,0.5373750000
249.7285518646,1.0837500000,0.5390625000,0.5364375000
249.8284785748,1.0839375000,0.5386875000,0.5373750000
249.9285683632,1.0837500000,0.5377500000,0.5373750000
250.0285172462,1.0837500000,0.5390625000,0.5373750000
250.1285524368,1.0837500000,0.5385000000,0.5373750000
250.2285466194,1.0837500000,0.5388750000,0.5373750000
250.3285665512,1.0837500000,0.5383125000,0.5373750000
250.4285459518,1.0837500000,0.5383125000,0.5368125000
250.5288674831,1.0837500000,0.5390625000,0.5373750000
250.6289582253,1.0835625000,0.5385000000,0.5368125000
250.7288713455,1.0837500000,0.5383125000,0.5373750000
250.8287055492,1.0835625000,0.5383125000,0.5368125000
250.9286541939,1.0835625000,0.5386875000,0.5368125000
251.0286417007,1.0835625000,0.5386875000,0.5368125000
251.1285409927,1.0835625000,0.5385000000,0.5373750000
251.2287826538,1.0833750000,0.5383125000,0.5368125000
251.3285326958,1.0833750000,0.5386875000,0.5373750000
251.4287664890,1.0833750000,0.5383125000,0.5368125000
251.5286884308,1.0833750000,0.5379375000,0.5368125000
251.6286792755,1.0835625000,0.5381250000,0.5364375000
251.7286834717,1.0833750000,0.5381250000,0.5373750000
251.8287608624,1.0833750000,0.5381250000,0.5368125000
251.9286301136,1.0833750000,0.5390625000,0.5373750000
252.0286777020,1.0831875000,0.5390625000,0.5368125000
252.1285579205,1.0833750000,0.5390625000,0.5373750000
252.2285287380,1.0831875000,0.5381250000,0.5373750000
252.3285570145,1.0831875000,0.5390625000,0.5364375000
252.4287512302,1.0831875000,0.5385000000,0.5373750000
252.5286421776,1.0831875000,0.5381250000,0.5368125000
252.6298060417,1.0830000000,0.5375625000,0.5368125000
252.7287604809,1.0831875000,0.5381250000,0.5371875000
252.8286688328,1.0831875000,0.5383125000,0.5368125000
252.9287998676,1.0830000000,0.5385000000,0.5371875000
253.0285861492,1.0830000000,0.5381250000,0.5368125000
253.1286661625,1.0830000000,0.5383125000,0.5368125000
253.2285830975,1.0831875000,0.5379375000,0.5368125000
253.3287649155,1.0830000000,0.5385000000,0.5368125000
253.4285860062,1.0830000000,0.5377500000,0.5364375000
253.5288345814,1.0828125000,0.5385000000,0.5364375000
253.6287140846,1.0830000000,0.5375625000,0.5368125000
253.7286779881,1.0828125000,0.5381250000,0.5371875000
253.8289227486,1.0828125000,0.5385000000,0.5366250000
253.9287481308,1.0828125000,0.5381250000,0.5368125000
254.0287146568,1.0828125000,0.5381250000,0.5364375000
254.1285297871,1.0826250000,0.5381250000,0.5362500000
254.2284865379,1.0828125000,0.5390625000,0.5368125000
254.3284592628,1.0826250000,0.5381250000,0.5368125000
254.4284811020,1.0826250000,0.5375625000,0.5360625000
254.5284316540,1.0826250000,0.5381250000,0.5364375000
254.6286964417,1.0824375000,0.5381250000,0.5360625000
254.7286050320,1.0826250000,0.5377500000,0.5364375000
254.8286750317,1.0824375000,0.5377500000,0.5364375000
254.9287889004,1.0826250000,0.5377500000,0.5364375000
255.0286030769,1.0826250000,0.5385000000,0.5366250000
255.1284441948,1.0824375000,0.5377500000,0.5368125000
255.2284803391,1.0822500000,0.5381250000,0.5364375000
255.3285169601,1.0824375000,0.5381250000,0.5360625000
255.4284877777,1.0822500000,0.5381250000,0.5364375000
255.5285892487,1.0822500000,0.5377500000,0.5364375000
255.6286118031,1.0822500000,0.5385000000,0.5368125000
255.7285561562,1.0822500000,0.5381250000,0.5358750000
255.8286235332,1.0822500000,0.5386875000,0.5360625000
255.9285609722,1.0822500000,0.5381250000,0.5360625000
256.0286390781,1.0820625000,0.5381250000,0.5362500000
256.1284432411,1.0820625000,0.5385000000,0.5356875000
256.2284240723,1.0820625000,0.5373750000,0.5360625000
256.3284151554,1.0820625000,0.5377500000,0.5364375000
256.4284121990,1.0820625000,0.5377500000,0.5364375000
256.5287590027,1.0820625000,0.5381250000,0.5360625000
256.6287796497,1.0820625000,0.5381250000,0.5364375000
256.7286124229,1.0818750000,0.5377500000,0.5364375000
256.8287022114,1.0818750000,0.5386875000,0.5366250000
256.9297595024,1.0818750000,0.5377500000,0.5368125000
257.0287942886,1.0818750000,0.5377500000,0.5360625000
257.1287734509,1.0816875000,0.5385000000,0.5356875000
257.2287638187,1.0818750000,0.5385000000,0.5364375000
257.3287127018,1.0816875000,0.5381250000,0.5366250000
257.4287250042,1.0816875000,0.5381250000,0.5366250000
257.5284276009,1.0816875000,0.5377500000,0.5362500000
257.6285464764,1.0816875000,0.5390625000,0.5360625000
257.7285144329,1.0815000000,0.5381250000,0.5368125000
257.8285591602,1.0815000000,0.5381250000,0.5360625000
257.9285788536,1.0815000000,0.5381250000,0.5360625000
258.0285367966,1.0815000000,0.5381250000,0.5351250000
258.1284320354,1.0815000000,0.5381250000,0.5351250000
258.2284312248,1.0815000000,0.5381250000,0.5360625000
258.3284533024,1.0813125000,0.5381250000,0.5356875000
258.4284482002,1.0813125000,0.5381250000,0.5362500000
258.5285072327,1.0813125000,0.5381250000,0.5366250000
258.6288106441,1.0813125000,0.5377500000,0.5356875000
258.7285211086,1.0813125000,0.5381250000,0.5351250000
258.8285291195,1.0811250000,0.5381250000,0.5362500000
258.9284894466,1.0813125000,0.5381250000,0.5356875000
259.0284957886,1.0813125000,0.5381250000,0.5362500000
259.1284172535,1.0811250000,0.5385000000,0.5356875000
259.2284429073,1.0811250000,0.5381250000,0.5355000000
259.3284180164,1.0811250000,0.5390625000,0.5356875000
259.4284598827,1.0811250000,0.5390625000,0.5356875000
259.5285050869,1.0809375000,0.5385000000,0.5360625000
259.6285171509,1.0809375000,0.5390625000,0.5358750000
259.7285187244,1.0809375000,0.5385000000,0.5360625000
259.8285453320,1.0809375000,0.5390625000,0.5356875000
259.9285714626,1.0809375000,0.5390625000,0.5356875000
260.0285611153,1.0811250000,0.5390625000,0.5362500000
260.1283998489,1.0809375000,0.5377500000,0.5360625000
260.2284140587,1.0809375000,0.5386875000,0.5356875000
260.3284022808,1.0807500000,0.5390625000,0.5362500000
260.4284918308,1.0807500000,0.5390625000,0.5360625000
260.5286211967,1.0807500000,0.5381250000,0.5360625000
260.6285727024,1.0805625000,0.5381250000,0.5362500000
260.7285017967,1.0807500000,0.5385000000,0.5356875000
260.8286128044,1.0805625000,0.5390625000,0.5356875000
260.9285395145,1.0805625000,0.5381250000,0.5360625000
261.0284914970,1.0805625000,0.5377500000,0.5360625000
261.1285133362,1.0803750000,0.5386875000,0.5356875000
261.2285120487,1.0805625000,0.5385000000,0.5356875000
261.3284316063,1.0805625000,0.5381250000,0.5353125000
261.4284429550,1.0803750000,0.5385000000,0.5358750000
261.5285825729,1.0803750000,0.5385000000,0.5356875000
261.6286971569,1.0803750000,0.5381250000,0.5356875000
261.7286913395,1.0803750000,0.5385000000,0.5356875000
261.8286142349,1.0803750000,0.5385000000,0.5356875000
261.9285149574,1.0801875000,0.5390625000,0.5356875000
262.0285720825,1.0801875000,0.5390625000,0.5355000000
262.1284875870,1.0801875000,0.5385000000,0.5360625000
262.2284774780,1.0800000000,0.5385000000,0.5356875000
262.3285641670,1.0801875000,0.5386875000,0.5351250000
262.4284980297,1.0800000000,0.5385000000,0.5356875000
262.5285875797,1.0800000000,0.5385000000,0.5356875000
262.6285941601,1.0800000000,0.5385000000,0.5360625000
262.7285823822,1.0800000000,0.5390625000,0.5355000000
262.8287916183,1.0800000000,0.5385000000,0.5360625000
262.9286320210,1.0798125000,0.5381250000,0.5360625000
263.0286195278,1.0800000000,0.5385000000,0.5356875000
263.1284654140,1.0798125000,0.5385000000,0.5356875000
263.2284705639,1.0798125000,0.5386875000,0.5360625000
263.3284711838,1.0798125000,0.5385000000,0.5360625000
263.4284582138,1.0798125000,0.5385000000,0.5356875000
263.5284247398,1.0798125000,0.5385000000,0.5358750000
263.6285212040,1.0798125000,0.5390625000,0.5356875000
263.7285766602,1.0796250000,0.5385000000,0.5360625000
263.8285377026,1.0796250000,0.5385000000,0.5358750000
263.9285006523,1.0794375000,0.5390625000,0.5360625000
264.0285043716,1.0796250000,0.5385000000,0.5360625000
264.1284723282,1.0796250000,0.5385000000,0.5356875000
264.2284624577,1.0794375000,0.5381250000,0.5360625000
264.3284962177,1.0794375000,0.5385000000,0.5364375000
264.4284548759,1.0796250000,0.5385000000,0.5360625000
264.5286226273,1.0792500000,0.5385000000,0.5356875000
264.6285040379,1.0794375000,0.5385000000,0.5356875000
264.7285020351,1.0792500000,0.5385000000,0.5356875000
264.8285269737,1.0794375000,0.5385000000,0.5368125000
264.9284794331,1.0794375000,0.5377500000,0.5358750000
265.0285158157,1.0792500000,0.5385000000,0.5351250000
265.1284861565,1.0792500000,0.5385000000,0.5368125000
265.2284905910,1.0792500000,0.5385000000,0.5356875000
265.3285644054,1.0792500000,0.5385000000,0.5368125000
265.4284462929,1.0790625000,0.5385000000,0.5368125000
265.5291862488,1.0790625000,0.5385000000,0.5356875000
265.6285183430,1.0790625000,0.5385000000,0.5360625000
265.7284891605,1.0790625000,0.5385000000,0.5351250000
265.8285253048,1.0790625000,0.5385000000,0.5360625000
265.9284722805,1.0788750000,0.5385000000,0.5356875000
266.0284955502,1.0788750000,0.5385000000,0.5362500000
266.1285154819,1.0790625000,0.5390625000,0.5358750000
266.2284510136,1.0788750000,0.5385000000,0.5366250000
266.3284094334,1.0788750000,0.5385000000,0.5362500000
266.4284701347,1.0788750000,0.5390625000,0.5360625000
266.5285184383,1.0786875000,0.5385000000,0.5360625000
266.6285364628,1.0786875000,0.5390625000,0.5356875000
266.7284705639,1.0786875000,0.5388750000,0.5360625000
266.8285093307,1.0786875000,0.5390625000,0.5356875000
266.9285511971,1.0786875000,0.5390625000,0.5360625000
267.0286004543,1.0785000000,0.5394375000,0.5353125000
267.1285026073,1.0786875000,0.5394375000,0.5356875000
267.2284481525,1.0785000000,0.5394375000,0.5360625000
267.3284087181,1.0785000000,0.5390625000,0.5360625000
267.4284307957,1.0785000000,0.5394375000,0.5355000000
267.5285129547,1.0785000000,0.5390625000,0.5356875000
267.6285860538,1.0783125000,0.5390625000,0.5360625000
267.7286338806,1.0783125000,0.5394375000,0.5362500000
267.8286411762,1.0783125000,0.5394375000,0.5356875000
267.9285345078,1.0785000000,0.5394375000,0.5356875000
268.0285680294,1.0783125000,0.5394375000,0.5356875000
268.1283953190,1.0783125000,0.5394375000,0.5360625000
268.2284131050,1.0783125000,0.5394375000,0.5364375000
268.3284928799,1.0783125000,0.5381250000,0.5368125000
268.4284017086,1.0781250000,0.5394375000,0.5356875000
268.5285301208,1.0781250000,0.5394375000,0.5360625000
268.6285676956,1.0779375000,0.5394375000,0.5356875000
268.7285683155,1.0781250000,0.5390625000,0.5360625000
268.8285529613,1.0781250000,0.5390625000,0.5360625000
268.9285383224,1.0781250000,0.5394375000,0.5364375000
269.0286605358,1.0779375000,0.5394375000,0.5362500000
269.1284706593,1.0779375000,0.5390625000,0.5356875000
269.2284431458,1.0779375000,0.5394375000,0.5360625000
269.3284256458,1.0777500000,0.5394375000,0.5360625000
269.4284489155,1.0777500000,0.5394375000,0.5355000000
269.5287621021,1.0777500000,0.5394375000,0.5351250000
269.6286864281,1.0777500000,0.5394375000,0.5356875000
269.7288002968,1.0777500000,0.5390625000,0.5360625000
269.8288199902,1.0777500000,0.5390625000,0.5351250000
269.9286713600,1.0777500000,0.5390625000,0.5364375000
270.0287158489,1.0777500000,0.5394375000,0.5360625000
270.1284832954,1.0775625000,0.5390625000,0.5356875000
270.2284772396,1.0775625000,0.5394375000,0.5356875000
270.3284056187,1.0775625000,0.5394375000,0.5360625000
270.4284484386,1.0775625000,0.5390625000,0.5356875000
270.5286014080,1.0773750000,0.5390625000,0.5351250000
270.6285073757,1.0773750000,0.5390625000,0.5360625000
270.7285034657,1.0773750000,0.5390625000,0.5360625000
270.8286461830,1.0775625000,0.5390625000,0.5360625000
270.9286034107,1.0775625000,0.5390625000,0.5351250000
271.0285625458,1.0773750000,0.5390625000,0.5360625000
271.1284484863,1.0775625000,0.5390625000,0.5360625000
271.2284264565,1.0773750000,0.5390625000,0.5360625000
271.3284082413,1.0773750000,0.5390625000,0.5356875000
271.4284434319,1.0771875000,0.5390625000,0.5356875000
271.5285797119,1.0771875000,0.5390625000,0.5360625000
271.6286540031,1.0771875000,0.5390625000,0.5351250000
271.7285177708,1.0771875000,0.5390625000,0.5356875000
271.8285593987,1.0770000000,0.5390625000,0.5351250000
271.9286041260,1.0771875000,0.5390625000,0.5360625000
272.0286636353,1.0771875000,0.5394375000,0.5356875000
272.1284673214,1.0770000000,0.5390625000,0.5360625000
272.2284827232,1.0770000000,0.5390625000,0.5360625000
272.3284378052,1.0770000000,0.5390625000,0.5360625000
272.4284741879,1.0770000000,0.5390625000,0.5360625000
272.5286080837,1.0768125000,0.5381250000,0.5360625000
272.6286094189,1.0770000000,0.5390625000,0.5356875000
272.7285282612,1.0770000000,0.5386875000,0.5360625000
272.8285822868,1.0768125000,0.5385000000,0.5360625000
272.9286477566,1.0768125000,0.5386875000,0.5360625000
273.0285685062,1.0770000000,0.5390625000,0.5360625000
273.1335992813,1.0770000000,0.5386875000,0.5368125000
273.2286617756,1.0768125000,0.5386875000,0.5364375000
273.3287246227,1.0768125000,0.5394375000,0.5360625000
273.4286475182,1.0768125000,0.5394375000,0.5360625000
273.5290296078,1.0766250000,0.5388750000,0.5360625000
273.6292152405,1.0768125000,0.5390625000,0.5364375000
273.7288038731,1.0766250000,0.5392500000,0.5360625000
273.8288502693,1.0766250000,0.5385000000,0.5360625000
273.9286963940,1.0766250000,0.5386875000,0.5360625000
274.0287423134,1.0766250000,0.5388750000,0.5364375000
274.1287117004,1.0766250000,0.5385000000,0.5360625000
274.2284655571,1.0764375000,0.5394375000,0.5360625000
274.3285698891,1.0766250000,0.5392500000,0.5360625000
274.4286336899,1.0766250000,0.5388750000,0.5360625000
274.5284571648,1.0764375000,0.5386875000,0.5370000000
274.6286299229,1.0764375000,0.5383125000,0.5360625000
274.7288610935,1.0764375000,0.5379375000,0.5364375000
274.8296911716,1.0764375000,0.5379375000,0.5360625000
274.9286820889,1.0762500000,0.5388750000,0.5360625000
275.0286741257,1.0762500000,0.5383125000,0.5360625000
275.1285216808,1.0762500000,0.5385000000,0.5364375000
275.2284193039,1.0762500000,0.5386875000,0.5360625000
275.3284716606,1.0762500000,0.5390625000,0.5360625000
275.4310905933,1.0762500000,0.5388750000,0.5368125000
275.5289738178,1.0762500000,0.5383125000,0.5364375000
275.6288323402,1.0760625000,0.5385000000,0.5360625000
275.7288908958,1.0762500000,0.5390625000,0.5364375000
275.8288962841,1.0760625000,0.5381250000,0.5360625000
275.9288930893,1.0760625000,0.5385000000,0.5364375000
276.0287678242,1.0760625000,0.5385000000,0.5360625000
276.1285223961,1.0758750000,0.5381250000,0.5364375000
276.2285444736,1.0758750000,0.5381250000,0.5364375000
276.3286280632,1.0758750000,0.5385000000,0.5368125000
276.4285092354,1.0758750000,0.5390625000,0.5368125000
276.5286688805,1.0758750000,0.5381250000,0.5364375000
276.6288623810,1.0758750000,0.5381250000,0.5364375000
276.7286903858,1.0758750000,0.5385000000,0.5364375000
276.8288440704,1.0756875000,0.5379375000,0.5364375000
276.9287190437,1.0758750000,0.5385000000,0.5364375000
277.0287761688,1.0756875000,0.5388750000,0.5364375000
277.1284949780,1.0756875000,0.5390625000,0.5364375000
277.2285385132,1.0756875000,0.5390625000,0.5364375000
277.3286614418,1.0756875000,0.5385000000,0.5364375000
277.4285778999,1.0756875000,0.5377500000,0.5364375000
277.5287907124,1.0756875000,0.5381250000,0.5364375000
277.6285581589,1.0755000000,0.5385000000,0.5364375000
277.7285180092,1.0755000000,0.5381250000,0.5364375000
277.8286068439,1.0755000000,0.5385000000,0.5364375000
277.9285385609,1.0755000000,0.5381250000,0.5364375000
278.0285191536,1.0755000000,0.5379375000,0.5368125000
278.1284127235,1.0755000000,0.5383125000,0.5364375000
278.2284467220,1.0755000000,0.5388750000,0.5364375000
278.3305583000,1.0753125000,0.5381250000,0.5364375000
278.4292960167,1.0753125000,0.5385000000,0.5368125000
278.5288612843,1.0755000000,0.5379375000,0.5364375000
278.6286900043,1.0755000000,0.5390625000,0.5364375000
278.7286558151,1.0753125000,0.5377500000,0.5368125000
278.8289062977,1.0753125000,0.5385000000,0.5364375000
278.9288325310,1.0753125000,0.5385000000,0.5364375000
279.0285909176,1.0753125000,0.5385000000,0.5364375000
279.1284124851,1.0753125000,0.5377500000,0.5368125000
279.2284135818,1.0751250000,0.5381250000,0.5358750000
279.3283514977,1.0753125000,0.5388750000,0.5364375000
279.4284205437,1.0751250000,0.5388750000,0.5368125000
279.5285134315,1.0753125000,0.5379375000,0.5368125000
279.6285305023,1.0751250000,0.5388750000,0.5368125000
279.7284805775,1.0753125000,0.5390625000,0.5364375000
279.8284814358,1.0749375000,0.5385000000,0.5360625000
279.9285395145,1.0751250000,0.5385000000,0.5368125000
280.0285761356,1.0751250000,0.5385000000,0.5368125000
280.1284787655,1.0749375000,0.5381250000,0.5368125000
280.2285239697,1.0749375000,0.5385000000,0.5368125000
280.3287360668,1.0749375000,0.5379375000,0.5368125000
280.4286184311,1.0749375000,0.5377500000,0.5368125000
280.5288097858,1.0749375000,0.5385000000,0.5368125000
280.6286327839,1.0749375000,0.5385000000,0.5364375000
280.7285852432,1.0749375000,0.5390625000,0.5360625000
280.8286097050,1.0749375000,0.5385000000,0.5364375000
280.9286088943,1.0749375000,0.5381250000,0.5368125000
281.0286612511,1.0747500000,0.5377500000,0.5373750000
281.1285429001,1.0747500000,0.5381250000,0.5368125000
281.2285277843,1.0747500000,0.5390625000,0.5368125000
281.3287289143,1.0747500000,0.5385000000,0.5368125000
281.4287989140,1.0745625000,0.5388750000,0.5368125000
281.5286762714,1.0745625000,0.5385000000,0.5368125000
281.6287457943,1.0747500000,0.5381250000,0.5368125000
281.7287993431,1.0745625000,0.5392500000,0.5368125000
281.8294157982,1.0745625000,0.5385000000,0.5368125000
281.9284749031,1.0747500000,0.5381250000,0.5364375000
282.0286195278,1.0745625000,0.5388750000,0.5368125000
282.1283671856,1.0745625000,0.5385000000,0.5368125000
282.2285423279,1.0745625000,0.5385000000,0.5368125000
282.3283183575,1.0745625000,0.5388750000,0.5368125000
282.4283914566,1.0743750000,0.5377500000,0.5368125000
282.5284707546,1.0745625000,0.5390625000,0.5368125000
282.6285765171,1.0745625000,0.5377500000,0.5368125000
282.7285237312,1.0745625000,0.5385000000,0.5368125000
282.8284702301,1.0743750000,0.5381250000,0.5368125000
282.9285783768,1.0743750000,0.5390625000,0.5368125000
283.0286490917,1.0743750000,0.5390625000,0.5368125000
283.1284220219,1.0743750000,0.5385000000,0.5368125000
283.2284023762,1.0743750000,0.5385000000,0.5368125000
283.3284206390,1.0743750000,0.5375625000,0.5368125000
283.4285061359,1.0743750000,0.5377500000,0.5373750000
283.5285444260,1.0743750000,0.5381250000,0.5373750000
283.6285164356,1.0743750000,0.5377500000,0.5373750000
283.7285754681,1.0743750000,0.5385000000,0.5368125000
283.8287162781,1.0741875000,0.5377500000,0.5373750000
283.9287037849,1.0741875000,0.5385000000,0.5373750000
284.0285720825,1.0741875000,0.5381250000,0.5373750000
284.1285810471,1.0741875000,0.5385000000,0.5373750000
284.2283511162,1.0740000000,0.5385000000,0.5373750000
284.3283910751,1.0741875000,0.5385000000,0.5364375000
284.4284131527,1.0741875000,0.5390625000,0.5364375000
284.5284624100,1.0741875000,0.5377500000,0.5368125000
284.6285295486,1.0740000000,0.5385000000,0.5373750000
284.7285387516,1.0740000000,0.5390625000,0.5368125000
284.8285336494,1.0740000000,0.5385000000,0.5373750000
284.9284727573,1.0740000000,0.5381250000,0.5373750000
285.0284163952,1.0740000000,0.5386875000,0.5373750000
285.1284232140,1.0738125000,0.5385000000,0.5373750000
285.2283442020,1.0740000000,0.5390625000,0.5373750000
285.3284676075,1.0740000000,0.5381250000,0.5368125000
285.4284567833,1.0740000000,0.5381250000,0.5368125000
285.5285553932,1.0740000000,0.5381250000,0.5364375000
285.6285030842,1.0738125000,0.5385000000,0.5373750000
285.7285623550,1.0740000000,0.5390625000,0.5373750000
285.8284966946,1.0738125000,0.5386875000,0.5368125000
285.9290521145,1.0738125000,0.5390625000,0.5373750000
286.0288453102,1.0736250000,0.5388750000,0.5373750000
286.1294701099,1.0740000000,0.5381250000,0.5373750000
286.2284917831,1.0738125000,0.5385000000,0.5373750000
286.3302445412,1.0738125000,0.5385000000,0.5364375000
286.4305701256,1.0738125000,0.5386875000,0.5370000000
286.5284936428,1.0738125000,0.5383125000,0.5364375000
286.6287386417,1.0738125000,0.5390625000,0.5373750000
286.7286682129,1.0736250000,0.5383125000,0.5373750000
286.8285748959,1.0736250000,0.5379375000,0.5368125000
286.9287037849,1.0736250000,0.5379375000,0.5368125000
287.0286540985,1.0738125000,0.5386875000,0.5373750000
287.1285796165,1.0736250000,0.5385000000,0.5368125000
287.2285556793,1.0736250000,0.5381250000,0.5368125000
287.3285143375,1.0736250000,0.5377500000,0.5373750000
287.4286887646,1.0736250000,0.5379375000,0.5368125000
287.5289239883,1.0736250000,0.5377500000,0.5373750000
287.6288259029,1.0734375000,0.5386875000,0.5368125000
287.7285563946,1.0736250000,0.5379375000,0.5364375000
287.8286199570,1.0736250000,0.5390625000,0.5373750000
287.9287149906,1.0736250000,0.5385000000,0.5364375000
288.0287115574,1.0734375000,0.5385000000,0.5368125000
288.1286630630,1.0736250000,0.5385000000,0.5368125000
288.2284848690,1.0736250000,0.5386875000,0.5373750000
288.3285455704,1.0734375000,0.5390625000,0.5368125000
288.4285273552,1.0734375000,0.5381250000,0.5368125000
288.5286862850,1.0734375000,0.5390625000,0.5368125000
288.6288776398,1.0734375000,0.5381250000,0.5364375000
288.7288179398,1.0734375000,0.5381250000,0.5368125000
288.8286418915,1.0734375000,0.5385000000,0.5368125000
288.9289183617,1.0734375000,0.5390625000,0.5368125000
289.0286183357,1.0734375000,0.5385000000,0.5368125000
289.1287384033,1.0732500000,0.5375625000,0.5368125000
289.2284841537,1.0732500000,0.5390625000,0.5368125000
289.3288152218,1.0732500000,0.5390625000,0.5368125000
289.4285593033,1.0732500000,0.5381250000,0.5368125000
289.5285716057,1.0732500000,0.5377500000,0.5368125000
289.6286401749,1.0734375000,0.5386875000,0.5368125000
289.7287530899,1.0732500000,0.5375625000,0.5364375000
289.8286280632,1.0732500000,0.5385000000,0.5362500000
289.9286265373,1.0732500000,0.5381250000,0.5368125000
290.0287799835,1.0732500000,0.5390625000,0.5370000000
290.1285192966,1.0730625000,0.5381250000,0.5368125000
290.2285444736,1.0732500000,0.5379375000,0.5371875000
290.3285913467,1.0732500000,0.5375625000,0.5370000000
290.4286766052,1.0732500000,0.5379375000,0.5368125000
290.5285172462,1.0732500000,0.5381250000,0.5368125000
290.6286323071,1.0732500000,0.5377500000,0.5360625000
290.7288713455,1.0730625000,0.5377500000,0.5360625000
290.8285946846,1.0730625000,0.5377500000,0.5362500000
290.9289004803,1.0730625000,0.5381250000,0.5360625000
291.0286185741,1.0730625000,0.5381250000,0.5360625000
291.1286718845,1.0730625000,0.5385000000,0.5366250000
291.2294492722,1.0730625000,0.5381250000,0.5360625000
291.3285129070,1.0730625000,0.5385000000,0.5358750000
291.4286086559,1.0730625000,0.5381250000,0.5368125000
291.5286974907,1.0730625000,0.5377500000,0.5360625000
291.6287400723,1.0730625000,0.5381250000,0.5364375000
291.7286140919,1.0730625000,0.5377500000,0.5368125000
291.8287699223,1.0730625000,0.5381250000,0.5360625000
291.9287054539,1.0730625000,0.5381250000,0.5364375000
292.0284566879,1.0730625000,0.5381250000,0.5364375000
292.1284153461,1.0728750000,0.5386875000,0.5364375000
292.2283463478,1.0730625000,0.5381250000,0.5368125000
292.3284363747,1.0728750000,0.5377500000,0.5360625000
292.4284298420,1.0728750000,0.5381250000,0.5362500000
292.5285322666,1.0728750000,0.5381250000,0.5368125000
292.6284909248,1.0728750000,0.5381250000,0.5360625000
292.7285382748,1.0730625000,0.5377500000,0.5353125000
292.8285887241,1.0728750000,0.5381250000,0.5356875000
292.9285438061,1.0728750000,0.5381250000,0.5366250000
293.0284481049,1.0728750000,0.5381250000,0.5362500000
293.1284086704,1.0726875000,0.5381250000,0.5360625000
293.2284045219,1.0728750000,0.5377500000,0.5353125000
293.3283686638,1.0726875000,0.5377500000,0.5360625000
293.4283623695,1.0728750000,0.5377500000,0.5366250000
293.5284738541,1.0726875000,0.5390625000,0.5356875000
293.6285281181,1.0728750000,0.5385000000,0.5356875000
293.7285289764,1.0728750000,0.5377500000,0.5360625000
293.8285610676,1.0728750000,0.5390625000,0.5368125000
293.9285559654,1.0726875000,0.5381250000,0.5356875000
294.0285294056,1.0726875000,0.5381250000,0.5360625000
294.1284344196,1.0726875000,0.5381250000,0.5356875000
294.2284083366,1.0725000000,0.5381250000,0.5356875000
294.3283505440,1.0726875000,0.5381250000,0.5356875000
294.4283983707,1.0726875000,0.5381250000,0.5356875000
294.5285513401,1.0726875000,0.5381250000,0.5360625000
294.6285769939,1.0726875000,0.5377500000,0.5360625000
294.7285280228,1.0726875000,0.5381250000,0.5356875000
294.8286383152,1.0726875000,0.5377500000,0.5358750000
294.9284851551,1.0726875000,0.5385000000,0.5356875000
295.0284938812,1.0726875000,0.5386875000,0.5356875000
295.1284010410,1.0726875000,0.5381250000,0.5356875000
295.2284088135,1.0726875000,0.5385000000,0.5360625000
295.3283758163,1.0726875000,0.5381250000,0.5362500000
295.4283895493,1.0726875000,0.5377500000,0.5356875000
295.5286252499,1.0725000000,0.5385000000,0.5366250000
295.6284918785,1.0725000000,0.5381250000,0.5356875000
295.7285130024,1.0725000000,0.5381250000,0.5364375000
295.8284876347,1.0726875000,0.5385000000,0.5358750000
295.9285817146,1.0726875000,0.5381250000,0.5358750000
296.0284900665,1.0725000000,0.5385000000,0.5364375000
296.1284010410,1.0725000000,0.5381250000,0.5362500000
296.2283842564,1.0725000000,0.5385000000,0.5360625000
296.3284132481,1.0725000000,0.5377500000,0.5351250000
296.4284567833,1.0725000000,0.5381250000,0.5364375000
296.5286116600,1.0725000000,0.5381250000,0.5355000000
296.6285138130,1.0725000000,0.5386875000,0.5366250000
296.7285399437,1.0723125000,0.5386875000,0.5360625000
296.8286120892,1.0725000000,0.5385000000,0.5362500000
296.9284982681,1.0723125000,0.5385000000,0.5356875000
297.0285329819,1.0723125000,0.5381250000,0.5368125000
297.1284368038,1.0725000000,0.5386875000,0.5356875000
297.2283599377,1.0723125000,0.5385000000,0.5356875000
297.3283994198,1.0725000000,0.5381250000,0.5351250000
297.4283790588,1.0725000000,0.5377500000,0.5356875000
297.5284607410,1.0723125000,0.5377500000,0.5356875000
297.6285202503,1.0723125000,0.5390625000,0.5355000000
297.7285187244,1.0723125000,0.5381250000,0.5360625000
297.8286123276,1.0723125000,0.5385000000,0.5356875000
297.9285585880,1.0723125000,0.5385000000,0.5360625000
298.0285496712,1.0723125000,0.5385000000,0.5360625000
298.1284110546,1.0723125000,0.5385000000,0.5360625000
298.2283699512,1.0723125000,0.5385000000,0.5360625000
298.3283779621,1.0721250000,0.5385000000,0.5364375000
298.4283735752,1.0723125000,0.5390625000,0.5358750000
298.5283987522,1.0723125000,0.5385000000,0.5360625000
298.6285259724,1.0721250000,0.5385000000,0.5368125000
298.7286012173,1.0723125000,0.5385000000,0.5360625000
298.8285777569,1.0723125000,0.5385000000,0.5360625000
298.9285728931,1.0721250000,0.5385000000,0.5360625000
299.0285174847,1.0723125000,0.5385000000,0.5356875000
299.1283729076,1.0721250000,0.5385000000,0.5360625000
299.2284138203,1.0721250000,0.5385000000,0.5364375000
299.3283741474,1.0721250000,0.5385000000,0.5360625000
299.4283647537,1.0721250000,0.5386875000,0.5368125000
299.5285036564,1.0723125000,0.5381250000,0.5368125000
299.6285881996,1.0721250000,0.5385000000,0.5356875000
299.7292006016,1.0721250000,0.5385000000,0.5356875000
299.8297750950,1.0721250000,0.5390625000,0.5356875000
299.9288215637,1.0721250000,0.5385000000,0.5364375000
300.0299477577,1.0721250000,0.5377500000,0.5360625000
300.1284244061,1.0721250000,0.5390625000,0.5351250000
300.2284312248,1.0723125000,0.5386875000,0.5356875000
300.3283619881,1.0721250000,0.5381250000,0.5356875000
300.4285130501,1.0721250000,0.5385000000,0.5360625000
300.5284965038,1.0721250000,0.5385000000,0.5360625000
300.6293344498,1.0721250000,0.5385000000,0.5358750000
300.7285504341,1.0721250000,0.5385000000,0.5356875000
300.8285074234,1.0721250000,0.5385000000,0.5358750000
300.9285080433,1.0719375000,0.5385000000,0.5356875000
301.0285034180,1.0719375000,0.5385000000,0.5355000000
301.1284298897,1.0721250000,0.5385000000,0.5356875000
301.2284421921,1.0721250000,0.5385000000,0.5364375000
301.3284130096,1.0721250000,0.5385000000,0.5364375000
301.4283599854,1.0719375000,0.5385000000,0.5358750000
301.5285263062,1.0721250000,0.5385000000,0.5356875000
301.6285891533,1.0719375000,0.5385000000,0.5356875000
301.7285668850,1.0721250000,0.5385000000,0.5356875000
301.8287084103,1.0721250000,0.5385000000,0.5362500000
301.9287652969,1.0721250000,0.5381250000,0.5351250000
302.0286066532,1.0719375000,0.5390625000,0.5358750000
302.1284937859,1.0719375000,0.5385000000,0.5368125000
302.2286620140,1.0719375000,0.5385000000,0.5362500000
302.3284742832,1.0719375000,0.5390625000,0.5356875000
302.4285161495,1.0719375000,0.5385000000,0.5358750000
302.5286753178,1.0719375000,0.5385000000,0.5358750000
302.6288583279,1.0721250000,0.5385000000,0.5360625000
302.7285687923,1.0719375000,0.5385000000,0.5368125000
302.8296144009,1.0719375000,0.5381250000,0.5351250000
302.9287793636,1.0719375000,0.5385000000,0.5364375000
303.0285911560,1.0719375000,0.5390625000,0.5351250000
303.1284654140,1.0717500000,0.5390625000,0.5360625000
303.2284719944,1.0719375000,0.5385000000,0.5370000000
303.3283774853,1.0719375000,0.5385000000,0.5360625000
303.4284398556,1.0719375000,0.5385000000,0.5360625000
303.5287349224,1.0719375000,0.5381250000,0.5351250000
303.6286678314,1.0719375000,0.5394375000,0.5355000000
303.7287888527,1.0719375000,0.5394375000,0.5355000000
303.8287708759,1.0719375000,0.5386875000,0.5355000000
303.9287407398,1.0719375000,0.5381250000,0.5358750000
304.0287919044,1.0719375000,0.5394375000,0.5360625000
304.1291637421,1.0719375000,0.5394375000,0.5360625000
304.2286224365,1.0719375000,0.5386875000,0.5355000000
304.3284850121,1.0717500000,0.5390625000,0.5362500000
304.4283680916,1.0719375000,0.5390625000,0.5368125000
304.5288391113,1.0719375000,0.5390625000,0.5360625000
304.6286017895,1.0719375000,0.5390625000,0.5368125000
304.7287490368,1.0719375000,0.5394375000,0.5356875000
304.8286511898,1.0717500000,0.5390625000,0.5355000000
304.9284944534,1.0717500000,0.5390625000,0.5364375000
305.0285499096,1.0717500000,0.5390625000,0.5356875000
305.1283159256,1.0719375000,0.5394375000,0.5351250000
305.2284152508,1.0717500000,0.5394375000,0.5356875000
305.3283526897,1.0717500000,0.5394375000,0.5358750000
305.4284706116,1.0717500000,0.5394375000,0.5360625000
305.5285475254,1.0717500000,0.5394375000,0.5356875000
305.6286208630,1.0719375000,0.5394375000,0.5364375000
305.7285113335,1.0717500000,0.5390625000,0.5356875000
305.8285903931,1.0717500000,0.5394375000,0.5351250000
305.9284868240,1.0717500000,0.5390625000,0.5356875000
306.0285286903,1.0717500000,0.5386875000,0.5358750000
306.1283874512,1.0717500000,0.5394375000,0.5356875000
306.2284076214,1.0717500000,0.5390625000,0.5356875000
306.3284471035,1.0715625000,0.5381250000,0.5360625000
306.4284284115,1.0717500000,0.5394375000,0.5356875000
306.5285151005,1.0717500000,0.5394375000,0.5356875000
306.6285409927,1.0717500000,0.5394375000,0.5364375000
306.7288129330,1.0715625000,0.5390625000,0.5353125000
306.8286809921,1.0717500000,0.5394375000,0.5356875000
306.9285559654,1.0715625000,0.5390625000,0.5356875000
307.0284564495,1.0715625000,0.5390625000,0.5358750000
307.1284143925,1.0717500000,0.5394375000,0.5356875000
307.2284257412,1.0715625000,0.5381250000,0.5360625000
307.3284308910,1.0715625000,0.5390625000,0.5360625000
307.4284074306,1.0717500000,0.5390625000,0.5360625000
307.5284607410,1.0717500000,0.5394375000,0.5351250000
307.6285715103,1.0715625000,0.5390625000,0.5351250000
307.7285716534,1.0715625000,0.5390625000,0.5360625000
307.8285598755,1.0715625000,0.5381250000,0.5356875000
307.9284999371,1.0715625000,0.5394375000,0.5360625000
308.0286009312,1.0717500000,0.5394375000,0.5356875000
308.1283652782,1.0715625000,0.5390625000,0.5356875000
308.2283675671,1.0715625000,0.5390625000,0.5360625000
308.3283421993,1.0715625000,0.5390625000,0.5360625000
308.4284257889,1.0715625000,0.5390625000,0.5351250000
308.5284976959,1.0717500000,0.5390625000,0.5356875000
308.6286003590,1.0715625000,0.5386875000,0.5360625000
308.7285110950,1.0713750000,0.5390625000,0.5351250000
308.8286066055,1.0715625000,0.5385000000,0.5364375000
308.9286077023,1.0715625000,0.5388750000,0.5360625000
309.0285711288,1.0715625000,0.5381250000,0.5360625000
309.1283271313,1.0715625000,0.5388750000,0.5360625000
309.2283544540,1.0715625000,0.5385000000,0.5360625000
309.3284041882,1.0715625000,0.5392500000,0.5360625000
309.4283931255,1.0713750000,0.5386875000,0.5360625000
309.5285639763,1.0715625000,0.5394375000,0.5360625000
309.6285431385,1.0715625000,0.5388750000,0.5360625000
309.7285442352,1.0715625000,0.5381250000,0.5360625000
309.8286049366,1.0715625000,0.5394375000,0.5360625000
309.9285371304,1.0715625000,0.5385000000,0.5364375000
310.0285928249,1.0715625000,0.5392500000,0.5364375000
310.1282927990,1.0713750000,0.5386875000,0.5360625000
310.2284097672,1.0715625000,0.5392500000,0.5360625000
310.3283720016,1.0715625000,0.5383125000,0.5364375000
310.4283061028,1.0713750000,0.5392500000,0.5360625000
310.5285289288,1.0713750000,0.5386875000,0.5360625000
310.6284840107,1.0715625000,0.5390625000,0.5364375000
310.7283504009,1.0713750000,0.5386875000,0.5360625000
310.8285181522,1.0713750000,0.5388750000,0.5360625000
310.9283330441,1.0713750000,0.5383125000,0.5364375000
311.0283467770,1.0715625000,0.5385000000,0.5364375000
311.1282835007,1.0715625000,0.5390625000,0.5364375000
311.2284176350,1.0715625000,0.5388750000,0.5364375000
311.3293821812,1.0713750000,0.5392500000,0.5360625000
311.4283719063,1.0713750000,0.5381250000,0.5364375000
311.5286023617,1.0713750000,0.5390625000,0.5364375000
311.6285154819,1.0713750000,0.5385000000,0.5360625000
311.7288134098,1.0715625000,0.5385000000,0.5364375000
311.8287506104,1.0713750000,0.5385000000,0.5364375000
311.9286372662,1.0713750000,0.5385000000,0.5364375000
312.0287468433,1.0715625000,0.5390625000,0.5364375000
312.1283440590,1.0715625000,0.5388750000,0.5364375000
312.2283337116,1.0713750000,0.5385000000,0.5364375000
312.3286001682,1.0715625000,0.5385000000,0.5364375000
312.4284207821,1.0713750000,0.5388750000,0.5368125000
312.5286138058,1.0713750000,0.5390625000,0.5368125000
312.6287693977,1.0715625000,0.5385000000,0.5364375000
312.7286973000,1.0713750000,0.5388750000,0.5364375000
312.8288018703,1.0713750000,0.5388750000,0.5364375000
312.9287543297,1.0713750000,0.5385000000,0.5364375000
313.0288572311,1.0713750000,0.5388750000,0.5364375000
313.1285097599,1.0713750000,0.5388750000,0.5364375000
313.2283844948,1.0715625000,0.5379375000,0.5368125000
313.3283216953,1.0713750000,0.5381250000,0.5364375000
313.4284877777,1.0713750000,0.5379375000,0.5368125000
313.5286076069,1.0715625000,0.5385000000,0.5360625000
313.6287088394,1.0715625000,0.5385000000,0.5373750000
313.7297158241,1.0713750000,0.5385000000,0.5360625000
313.8286783695,1.0713750000,0.5385000000,0.5364375000
313.9286105633,1.0713750000,0.5388750000,0.5368125000
314.0285625458,1.0713750000,0.5388750000,0.5368125000
314.1283740997,1.0713750000,0.5385000000,0.5368125000
314.2284555435,1.0713750000,0.5381250000,0.5366250000
314.3283517361,1.0713750000,0.5385000000,0.5358750000
314.4284760952,1.0713750000,0.5381250000,0.5368125000
314.5285534859,1.0713750000,0.5385000000,0.5368125000
314.6285383701,1.0713750000,0.5385000000,0.5364375000
314.7286388874,1.0713750000,0.5377500000,0.5368125000
314.8286695480,1.0713750000,0.5390625000,0.5364375000
314.9286711216,1.0711875000,0.5388750000,0.5368125000
315.0285747051,1.0713750000,0.5377500000,0.5368125000
315.1283965111,1.0713750000,0.5381250000,0.5366250000
315.2284526825,1.0713750000,0.5381250000,0.5368125000
315.3284525871,1.0711875000,0.5385000000,0.5364375000
315.4284563065,1.0713750000,0.5385000000,0.5368125000
315.5284068584,1.0713750000,0.5381250000,0.5371875000
315.6286804676,1.0713750000,0.5385000000,0.5368125000
315.7285044193,1.0713750000,0.5390625000,0.5373750000
315.8284392357,1.0713750000,0.5385000000,0.5368125000
315.9285478592,1.0713750000,0.5385000000,0.5368125000
316.0285634995,1.0713750000,0.5377500000,0.5364375000
316.1282474995,1.0713750000,0.5377500000,0.5364375000
316.2282767296,1.0713750000,0.5385000000,0.5373750000
316.3283393383,1.0713750000,0.5385000000,0.5368125000
316.4285504818,1.0715625000,0.5388750000,0.5368125000
316.5284690857,1.0713750000,0.5379375000,0.5368125000
316.6284689903,1.0713750000,0.5381250000,0.5368125000
316.7285337448,1.0713750000,0.5385000000,0.5364375000
316.8286428452,1.0713750000,0.5385000000,0.5364375000
316.9295380116,1.0713750000,0.5381250000,0.5360625000
317.0288035870,1.0713750000,0.5385000000,0.5368125000
317.1289412975,1.0713750000,0.5385000000,0.5373750000
317.2288134098,1.0713750000,0.5386875000,0.5373750000
317.3287203312,1.0713750000,0.5375625000,0.5373750000
317.4287073612,1.0713750000,0.5377500000,0.5368125000
317.5285699368,1.0713750000,0.5385000000,0.5373750000
317.6285297871,1.0713750000,0.5385000000,0.5368125000
317.7284896374,1.0713750000,0.5385000000,0.5368125000
317.8285682201,1.0713750000,0.5386875000,0.5364375000
317.9284818172,1.0713750000,0.5385000000,0.5373750000
318.0285384655,1.0713750000,0.5381250000,0.5368125000
318.1283457279,1.0713750000,0.5390625000,0.5373750000
318.2282989025,1.0713750000,0.5385000000,0.5373750000
318.3284351826,1.0713750000,0.5385000000,0.5364375000
318.4282619953,1.0713750000,0.5381250000,0.5364375000
318.5285692215,1.0713750000,0.5390625000,0.5368125000
318.6285579205,1.0711875000,0.5381250000,0.5360625000
318.7285335064,1.0713750000,0.5385000000,0.5356875000
318.8286042213,1.0713750000,0.5385000000,0.5368125000
318.9285798073,1.0713750000,0.5385000000,0.5364375000
319.0284738541,1.0713750000,0.5385000000,0.5368125000
319.1284115314,1.0713750000,0.5385000000,0.5364375000
319.2283391953,1.0713750000,0.5381250000,0.5368125000
319.3282606602,1.0713750000,0.5390625000,0.5373750000
319.4289221764,1.0713750000,0.5390625000,0.5364375000
319.5285408497,1.0713750000,0.5381250000,0.5373750000
319.6285617352,1.0713750000,0.5386875000,0.5368125000
319.7285547256,1.0713750000,0.5377500000,0.5373750000
319.8286707401,1.0713750000,0.5377500000,0.5364375000
319.9288539886,1.0711875000,0.5385000000,0.5368125000
320.0288140774,1.0713750000,0.5385000000,0.5368125000
320.1286625862,1.0713750000,0.5390625000,0.5364375000
320.2282562256,1.0713750000,0.5377500000,0.5373750000
320.3282589912,1.0713750000,0.5381250000,0.5373750000
320.4285447598,1.0713750000,0.5379375000,0.5373750000
320.5284984112,1.0713750000,0.5390625000,0.5373750000
320.6284730434,1.0713750000,0.5390625000,0.5368125000
320.7285704613,1.0713750000,0.5383125000,0.5368125000
320.8287131786,1.0713750000,0.5385000000,0.5373750000
320.9286105633,1.0713750000,0.5388750000,0.5373750000
321.0286793709,1.0711875000,0.5383125000,0.5364375000
321.1283278465,1.0713750000,0.5385000000,0.5368125000
321.2283074856,1.0713750000,0.5383125000,0.5368125000
321.3283455372,1.0713750000,0.5385000000,0.5373750000
321.4283585548,1.0713750000,0.5381250000,0.5373750000
321.5286448002,1.0711875000,0.5379375000,0.5373750000
321.6287150383,1.0713750000,0.5379375000,0.5373750000
321.7284615040,1.0713750000,0.5385000000,0.5373750000
321.8284966946,1.0713750000,0.5381250000,0.5368125000
321.9284434319,1.0713750000,0.5381250000,0.5373750000
322.0286030769,1.0711875000,0.5386875000,0.5373750000
322.1283171177,1.0713750000,0.5383125000,0.5373750000
322.2282850742,1.0713750000,0.5390625000,0.5364375000
322.3283162117,1.0713750000,0.5390625000,0.5373750000
322.4284152985,1.0711875000,0.5385000000,0.5373750000
322.5284872055,1.0713750000,0.5386875000,0.5373750000
322.6285820007,1.0713750000,0.5383125000,0.5373750000
322.7287018299,1.0713750000,0.5390625000,0.5373750000
322.8285169601,1.0713750000,0.5379375000,0.5373750000
322.9285616875,1.0713750000,0.5381250000,0.5368125000
323.0285065174,1.0713750000,0.5385000000,0.5364375000
323.1283118725,1.0713750000,0.5381250000,0.5373750000
323.2283020020,1.0713750000,0.5390625000,0.5373750000
323.3282947540,1.0713750000,0.5386875000,0.5368125000
323.4283015728,1.0713750000,0.5381250000,0.5373750000
323.5285947323,1.0713750000,0.5381250000,0.5368125000
323.6285734177,1.0713750000,0.5386875000,0.5373750000
323.7285411358,1.0713750000,0.5385000000,0.5368125000
323.8287761211,1.0715625000,0.5381250000,0.5373750000
323.9285659790,1.0713750000,0.5381250000,0.5368125000
324.0285372734,1.0713750000,0.5381250000,0.5373750000
324.1286141872,1.0713750000,0.5381250000,0.5373750000
324.2282085419,1.0713750000,0.5381250000,0.5368125000
324.3284099102,1.0713750000,0.5383125000,0.5368125000
324.4285175800,1.0713750000,0.5377500000,0.5368125000
324.5288045406,1.0713750000,0.5377500000,0.5368125000
324.6286015511,1.0713750000,0.5377500000,0.5373750000
324.7286491394,1.0713750000,0.5390625000,0.5368125000
324.8288111687,1.0713750000,0.5377500000,0.5368125000
324.9292643070,1.0713750000,0.5381250000,0.5371875000
325.0285043716,1.0713750000,0.5385000000,0.5368125000
325.1284134388,1.0715625000,0.5390625000,0.5368125000
325.2285344601,1.0713750000,0.5383125000,0.5368125000
325.3284957409,1.0713750000,0.5379375000,0.5371875000
325.4282310009,1.0715625000,0.5383125000,0.5368125000
325.5282943249,1.0713750000,0.5379375000,0.5368125000
325.6286892891,1.0713750000,0.5373750000,0.5368125000
325.7286496162,1.0713750000,0.5385000000,0.5371875000
325.8285942078,1.0713750000,0.5377500000,0.5368125000
325.9284286499,1.0713750000,0.5375625000,0.5368125000
326.0286641121,1.0713750000,0.5373750000,0.5360625000
326.1284868717,1.0713750000,0.5381250000,0.5364375000
326.2285802364,1.0713750000,0.5386875000,0.5364375000
326.3283050060,1.0713750000,0.5385000000,0.5368125000
326.4283730984,1.0713750000,0.5377500000,0.5364375000
326.5285649300,1.0715625000,0.5381250000,0.5370000000
326.6285078526,1.0713750000,0.5383125000,0.5368125000
326.7285270691,1.0713750000,0.5385000000,0.5360625000
326.8285925388,1.0713750000,0.5385000000,0.5368125000
326.9286110401,1.0713750000,0.5379375000,0.5364375000
327.0284349918,1.0713750000,0.5383125000,0.5364375000
327.1283416748,1.0713750000,0.5385000000,0.5370000000
327.2287857533,1.0713750000,0.5377500000,0.5368125000
327.3284466267,1.0713750000,0.5381250000,0.5360625000
327.4284548759,1.0713750000,0.5385000000,0.5366250000
327.5283744335,1.0713750000,0.5381250000,0.5368125000
327.6283283234,1.0715625000,0.5377500000,0.5370000000
327.7285048962,1.0715625000,0.5377500000,0.5366250000
327.8285093307,1.0715625000,0.5385000000,0.5360625000
327.9286208153,1.0713750000,0.5381250000,0.5364375000
328.0283517838,1.0713750000,0.5385000000,0.5368125000
328.1284561157,1.0715625000,0.5383125000,0.5364375000
328.2282629013,1.0713750000,0.5381250000,0.5368125000
328.3281183243,1.0713750000,0.5377500000,0.5360625000
328.4281921387,1.0713750000,0.5377500000,0.5368125000
328.5285849571,1.0715625000,0.5377500000,0.5360625000
328.6285884380,1.0715625000,0.5381250000,0.5360625000
328.7285041809,1.0713750000,0.5377500000,0.5364375000
328.8289067745,1.0715625000,0.5381250000,0.5366250000
328.9285211563,1.0715625000,0.5381250000,0.5358750000
329.0286717415,1.0713750000,0.5381250000,0.5362500000
329.1283385754,1.0713750000,0.5373750000,0.5362500000
329.2283332348,1.0715625000,0.5381250000,0.5364375000
329.3280932903,1.0715625000,0.5381250000,0.5364375000
329.4283986092,1.0713750000,0.5386875000,0.5364375000
329.5294015408,1.0713750000,0.5381250000,0.5360625000
329.6284394264,1.0715625000,0.5386875000,0.5358750000
329.7283270359,1.0715625000,0.5373750000,0.5368125000
329.8291451931,1.0715625000,0.5381250000,0.5356875000
329.9283428192,1.0715625000,0.5386875000,0.5360625000
330.0284490585,1.0715625000,0.5377500000,0.5364375000
330.1281340122,1.0715625000,0.5373750000,0.5362500000
330.2282102108,1.0715625000,0.5381250000,0.5366250000
330.3283390999,1.0715625000,0.5381250000,0.5364375000
330.4283468723,1.0715625000,0.5377500000,0.5368125000
330.5283179283,1.0715625000,0.5381250000,0.5368125000
330.6287491322,1.0713750000,0.5381250000,0.5364375000
330.7286088467,1.0713750000,0.5381250000,0.5360625000
330.8287842274,1.0715625000,0.5385000000,0.5356875000
330.9286429882,1.0715625000,0.5381250000,0.5360625000
331.0285913944,1.0715625000,0.5390625000,0.5360625000
331.1281058788,1.0713750000,0.5377500000,0.5368125000
331.2286610603,1.0715625000,0.5385000000,0.5364375000
331.3283505440,1.0715625000,0.5377500000,0.5356875000
331.4280891418,1.0715625000,0.5377500000,0.5362500000
331.5287382603,1.0715625000,0.5390625000,0.5364375000
331.6287322044,1.0713750000,0.5381250000,0.5360625000
331.7287781239,1.0715625000,0.5385000000,0.5360625000
331.8288075924,1.0715625000,0.5386875000,0.5356875000
331.9286203384,1.0715625000,0.5381250000,0.5351250000
332.0285930634,1.0715625000,0.5386875000,0.5351250000
332.1281542778,1.0715625000,0.5381250000,0.5360625000
332.2286498547,1.0713750000,0.5377500000,0.5356875000
332.3285858631,1.0715625000,0.5386875000,0.5356875000
332.4283483028,1.0715625000,0.5381250000,0.5356875000
332.5288176537,1.0715625000,0.5390625000,0.5362500000
332.6285791397,1.0715625000,0.5381250000,0.5356875000
332.7287137508,1.0715625000,0.5381250000,0.5358750000
332.8286812305,1.0713750000,0.5377500000,0.5360625000
332.9285356998,1.0717500000,0.5390625000,0.5351250000
333.0287544727,1.0715625000,0.5381250000,0.5358750000
333.1285853386,1.0715625000,0.5377500000,0.5356875000
333.2286684513,1.0715625000,0.5381250000,0.5362500000
333.3281199932,1.0715625000,0.5381250000,0.5356875000
333.4285006523,1.0715625000,0.5390625000,0.5360625000
333.5286567211,1.0717500000,0.5377500000,0.5360625000
333.6287527084,1.0715625000,0.5385000000,0.5356875000
333.7284429073,1.0715625000,0.5381250000,0.5356875000
333.8288309574,1.0715625000,0.5390625000,0.5362500000
333.9283282757,1.0715625000,0.5390625000,0.5362500000
334.0284307003,1.0715625000,0.5381250000,0.5356875000
334.1281280518,1.0715625000,0.5390625000,0.5360625000
334.2281031609,1.0715625000,0.5385000000,0.5351250000
334.3295166492,1.0717500000,0.5381250000,0.5353125000
334.4286627769,1.0713750000,0.5381250000,0.5360625000
334.5280966759,1.0717500000,0.5390625000,0.5360625000
334.6286716461,1.0717500000,0.5381250000,0.5356875000
334.7287070751,1.0715625000,0.5385000000,0.5356875000
334.8285188675,1.0715625000,0.5390625000,0.5360625000
334.9284243584,1.0715625000,0.5381250000,0.5362500000
335.0284690857,1.0715625000,0.5385000000,0.5351250000
335.1288170815,1.0715625000,0.5377500000,0.5356875000
335.2289786339,1.0715625000,0.5385000000,0.5360625000
335.3280887604,1.0715625000,0.5377500000,0.5358750000
335.4284274578,1.0715625000,0.5381250000,0.5364375000
335.5281078815,1.0717500000,0.5390625000,0.5356875000
335.6284422874,1.0717500000,0.5381250000,0.5366250000
335.7282686234,1.0717500000,0.5377500000,0.5356875000
335.8282420635,1.0717500000,0.5385000000,0.5362500000
335.9284527302,1.0715625000,0.5386875000,0.5360625000
336.0284137726,1.0717500000,0.5385000000,0.5364375000
336.1280932426,1.0717500000,0.5385000000,0.5358750000
336.2280290127,1.0715625000,0.5385000000,0.5360625000
336.3280353546,1.0717500000,0.5381250000,0.5356875000
336.4280602932,1.0715625000,0.5385000000,0.5356875000
336.5282297134,1.0717500000,0.5385000000,0.5356875000
336.6285240650,1.0717500000,0.5385000000,0.5364375000
336.7283318043,1.0717500000,0.5385000000,0.5360625000
336.8284375668,1.0715625000,0.5385000000,0.5351250000
336.9284987450,1.0717500000,0.5385000000,0.5358750000
337.0283031464,1.0717500000,0.5385000000,0.5360625000
337.1281144619,1.0715625000,0.5385000000,0.5360625000
337.2283790112,1.0715625000,0.5390625000,0.5355000000
337.3284208775,1.0715625000,0.5385000000,0.5360625000
337.4282622337,1.0715625000,0.5385000000,0.5356875000
337.5283222198,1.0717500000,0.5385000000,0.5351250000
337.6283462048,1.0717500000,0.5385000000,0.5356875000
337.7283654213,1.0717500000,0.5385000000,0.5360625000
337.8285269737,1.0717500000,0.5385000000,0.5360625000
337.9286024570,1.0715625000,0.5385000000,0.5356875000
338.0283489227,1.0715625000,0.5385000000,0.5362500000
338.1281127930,1.0717500000,0.5390625000,0.5358750000
338.2284045219,1.0717500000,0.5385000000,0.5368125000
338.3281219006,1.0717500000,0.5385000000,0.5368125000
338.4283978939,1.0715625000,0.5385000000,0.5360625000
338.5285820961,1.0717500000,0.5385000000,0.5362500000
338.6286818981,1.0717500000,0.5385000000,0.5368125000
338.7283549309,1.0719375000,0.5385000000,0.5362500000
338.8283805847,1.0717500000,0.5385000000,0.5360625000
338.9283847809,1.0717500000,0.5385000000,0.5356875000
339.0283219814,1.0717500000,0.5381250000,0.5364375000
339.1281197071,1.0717500000,0.5385000000,0.5356875000
339.2282500267,1.0715625000,0.5385000000,0.5356875000
339.3281121254,1.0717500000,0.5386875000,0.5356875000
339.4282002449,1.0717500000,0.5385000000,0.5356875000
339.5284495354,1.0717500000,0.5385000000,0.5360625000
339.6282885075,1.0717500000,0.5385000000,0.5358750000
339.7283260822,1.0717500000,0.5385000000,0.5356875000
339.8284614086,1.0719375000,0.5385000000,0.5360625000
339.9283051491,1.0717500000,0.5381250000,0.5356875000
340.0282945633,1.0717500000,0.5385000000,0.5362500000
340.1280801296,1.0717500000,0.5385000000,0.5360625000
340.2281322479,1.0719375000,0.5385000000,0.5351250000
340.3280060291,1.0717500000,0.5390625000,0.5356875000
340.4281215668,1.0717500000,0.5385000000,0.5360625000
340.5282018185,1.0717500000,0.5385000000,0.5356875000
340.6283326149,1.0717500000,0.5390625000,0.5368125000
340.7282521725,1.0719375000,0.5377500000,0.5356875000
340.8284289837,1.0717500000,0.5381250000,0.5358750000
340.9282953739,1.0719375000,0.5385000000,0.5358750000
341.0282344818,1.0715625000,0.5381250000,0.5360625000
341.1280410290,1.0719375000,0.5385000000,0.5368125000
341.2279968262,1.0717500000,0.5385000000,0.5358750000
341.3281180859,1.0717500000,0.5390625000,0.5360625000
341.4280235767,1.0717500000,0.5377500000,0.5366250000
341.5282578468,1.0719375000,0.5390625000,0.5362500000
341.6281576157,1.0719375000,0.5381250000,0.5358750000
341.7283096313,1.0717500000,0.5385000000,0.5366250000
341.8281872272,1.0717500000,0.5385000000,0.5362500000
341.9283566475,1.0719375000,0.5385000000,0.5358750000
342.0284359455,1.0719375000,0.5385000000,0.5360625000
342.1281321049,1.0719375000,0.5385000000,0.5358750000
342.2282950878,1.0719375000,0.5385000000,0.5351250000
342.3281898499,1.0717500000,0.5385000000,0.5362500000
342.4280965328,1.0717500000,0.5385000000,0.5362500000
342.5282914639,1.0719375000,0.5385000000,0.5356875000
342.6282656193,1.0719375000,0.5390625000,0.5356875000
342.7290630341,1.0719375000,0.5385000000,0.5360625000
342.8282008171,1.0719375000,0.5390625000,0.5356875000
342.9281938076,1.0717500000,0.5381250000,0.5356875000
343.0282273293,1.0719375000,0.5394375000,0.5360625000
343.1281416416,1.0719375000,0.5385000000,0.5358750000
343.2280108929,1.0719375000,0.5390625000,0.5364375000
343.3280479908,1.0719375000,0.5394375000,0.5360625000
343.4281167984,1.0719375000,0.5385000000,0.5358750000
343.5282416344,1.0717500000,0.5381250000,0.5362500000
343.6283669472,1.0719375000,0.5385000000,0.5364375000
343.7283267975,1.0719375000,0.5394375000,0.5360625000
343.8283829689,1.0719375000,0.5390625000,0.5356875000
343.9283134937,1.0719375000,0.5377500000,0.5358750000
344.0282304287,1.0719375000,0.5394375000,0.5362500000
344.1280896664,1.0719375000,0.5394375000,0.5362500000
344.2280948162,1.0719375000,0.5390625000,0.5358750000
344.3280904293,1.0719375000,0.5394375000,0.5358750000
344.4281015396,1.0719375000,0.5394375000,0.5356875000
344.5282611847,1.0717500000,0.5386875000,0.5360625000
344.6281783581,1.0719375000,0.5390625000,0.5356875000
344.7282042503,1.0719375000,0.5390625000,0.5358750000
344.8282275200,1.0719375000,0.5381250000,0.5355000000
344.9282364845,1.0719375000,0.5394375000,0.5362500000
345.0282881260,1.0719375000,0.5386875000,0.5358750000
345.1281013489,1.0719375000,0.5390625000,0.5360625000
345.2281494141,1.0719375000,0.5390625000,0.5356875000
345.3280663490,1.0719375000,0.5377500000,0.5360625000
345.4281656742,1.0719375000,0.5390625000,0.5358750000
345.5282721519,1.0719375000,0.5390625000,0.5358750000
345.6281647682,1.0719375000,0.5390625000,0.5362500000
345.7283070087,1.0721250000,0.5394375000,0.5360625000
345.8282849789,1.0719375000,0.5390625000,0.5360625000
345.9282195568,1.0719375000,0.5390625000,0.5356875000
346.0282828808,1.0719375000,0.5394375000,0.5356875000
346.1281826496,1.0719375000,0.5390625000,0.5356875000
346.2280435562,1.0719375000,0.5390625000,0.5360625000
346.3281650543,1.0719375000,0.5390625000,0.5356875000
346.4280719757,1.0721250000,0.5394375000,0.5360625000
346.5283129215,1.0719375000,0.5390625000,0.5356875000
346.6282353401,1.0719375000,0.5390625000,0.5360625000
346.7282776833,1.0719375000,0.5385000000,0.5360625000
346.8283224106,1.0719375000,0.5390625000,0.5360625000
346.9284999371,1.0721250000,0.5390625000,0.5360625000
347.0283653736,1.0719375000,0.5385000000,0.5356875000
347.1280314922,1.0721250000,0.5390625000,0.5351250000
347.2280757427,1.0721250000,0.5390625000,0.5356875000
347.3279757500,1.0721250000,0.5390625000,0.5356875000
347.4279966354,1.0721250000,0.5390625000,0.5356875000
347.5283379555,1.0719375000,0.5385000000,0.5360625000
347.6283140182,1.0719375000,0.5381250000,0.5360625000
347.7283058167,1.0721250000,0.5385000000,0.5360625000
347.8281528950,1.0719375000,0.5394375000,0.5360625000
347.9281754494,1.0721250000,0.5385000000,0.5360625000
348.0283243656,1.0721250000,0.5390625000,0.5364375000
348.1281287670,1.0721250000,0.5394375000,0.5364375000
348.2280235291,1.0719375000,0.5388750000,0.5360625000
348.3279745579,1.0721250000,0.5385000000,0.5360625000
348.4279949665,1.0719375000,0.5392500000,0.5360625000
348.5280749798,1.0721250000,0.5392500000,0.5360625000
348.6283488274,1.0721250000,0.5392500000,0.5360625000
348.7282786369,1.0721250000,0.5392500000,0.5360625000
348.8281929493,1.0721250000,0.5385000000,0.5360625000
348.9281911850,1.0719375000,0.5386875000,0.5360625000
349.0283000469,1.0721250000,0.5392500000,0.5364375000
349.1280171871,1.0721250000,0.5392500000,0.5360625000
349.2280123234,1.0721250000,0.5377500000,0.5360625000
349.3279941082,1.0721250000,0.5379375000,0.5360625000
349.4280061722,1.0721250000,0.5388750000,0.5360625000
349.5282802582,1.0721250000,0.5390625000,0.5360625000
349.6282238960,1.0721250000,0.5390625000,0.5356875000
349.7282125950,1.0721250000,0.5390625000,0.5364375000
349.8282239437,1.0721250000,0.5390625000,0.5364375000
349.9282100201,1.0721250000,0.5385000000,0.5364375000
350.0283412933,1.0721250000,0.5390625000,0.5360625000
350.1281192303,1.0721250000,0.5390625000,0.5364375000
350.2280845642,1.0721250000,0.5385000000,0.5364375000
350.3281443119,1.0723125000,0.5390625000,0.5364375000
350.4280939102,1.0723125000,0.5385000000,0.5364375000
350.5283491611,1.0721250000,0.5390625000,0.5364375000
350.6282351017,1.0721250000,0.5381250000,0.5364375000
350.7282063961,1.0723125000,0.5390625000,0.5364375000
350.8282945156,1.0719375000,0.5388750000,0.5364375000
350.9282095432,1.0723125000,0.5385000000,0.5364375000
351.0282320976,1.0721250000,0.5383125000,0.5364375000
351.1280374527,1.0721250000,0.5385000000,0.5364375000
351.2280201912,1.0721250000,0.5381250000,0.5364375000
351.3281207085,1.0721250000,0.5383125000,0.5360625000
351.4281508923,1.0721250000,0.5381250000,0.5360625000
351.5283315182,1.0721250000,0.5388750000,0.5364375000
351.6281321049,1.0721250000,0.5388750000,0.5360625000
351.7282307148,1.0721250000,0.5385000000,0.5364375000
351.8282999992,1.0723125000,0.5388750000,0.5364375000
351.9282050133,1.0721250000,0.5390625000,0.5368125000
352.0281324387,1.0723125000,0.5388750000,0.5370000000
352.1281499863,1.0721250000,0.5381250000,0.5364375000
352.2280464172,1.0721250000,0.5388750000,0.5364375000
352.3280267715,1.0723125000,0.5388750000,0.5371875000
352.4282898903,1.0723125000,0.5379375000,0.5368125000
352.5281023979,1.0723125000,0.5385000000,0.5364375000
352.6282885075,1.0723125000,0.5383125000,0.5368125000
352.7282540798,1.0723125000,0.5390625000,0.5368125000
352.8281946182,1.0723125000,0.5381250000,0.5360625000
352.9282186031,1.0721250000,0.5377500000,0.5368125000
353.0281527042,1.0721250000,0.5385000000,0.5360625000
353.1280896664,1.0723125000,0.5379375000,0.5360625000
353.2280073166,1.0723125000,0.5381250000,0.5360625000
353.3280112743,1.0723125000,0.5377500000,0.5368125000
353.4280409813,1.0721250000,0.5385000000,0.5364375000
353.5282919407,1.0723125000,0.5381250000,0.5360625000
353.6282367706,1.0723125000,0.5381250000,0.5368125000
353.7282087803,1.0723125000,0.5381250000,0.5368125000
353.8282017708,1.0723125000,0.5388750000,0.5368125000
353.9282019138,1.0723125000,0.5385000000,0.5368125000
354.0281722546,1.0723125000,0.5385000000,0.5368125000
354.1280107498,1.0723125000,0.5385000000,0.5373750000
354.2280125618,1.0723125000,0.5381250000,0.5368125000
354.3280131817,1.0723125000,0.5377500000,0.5368125000
354.4280080795,1.0723125000,0.5377500000,0.5368125000
354.5281662941,1.0723125000,0.5383125000,0.5364375000
354.6282258034,1.0723125000,0.5390625000,0.5364375000
354.7283461094,1.0723125000,0.5377500000,0.5368125000
354.8281917572,1.0723125000,0.5385000000,0.5368125000
354.9282143116,1.0725000000,0.5381250000,0.5368125000
355.0282156467,1.0723125000,0.5377500000,0.5368125000
355.1280057430,1.0723125000,0.5377500000,0.5368125000
355.2279982567,1.0723125000,0.5377500000,0.5368125000
355.3279693127,1.0723125000,0.5381250000,0.5368125000
355.4280068874,1.0723125000,0.5377500000,0.5368125000
355.5292444229,1.0723125000,0.5381250000,0.5364375000
355.6282231808,1.0723125000,0.5375625000,0.5364375000
355.7282578945,1.0723125000,0.5381250000,0.5368125000
355.8282778263,1.0723125000,0.5377500000,0.5368125000
355.9281954765,1.0723125000,0.5377500000,0.5368125000
356.0281636715,1.0723125000,0.5385000000,0.5364375000
356.1280126572,1.0725000000,0.5385000000,0.5368125000
356.2280156612,1.0723125000,0.5383125000,0.5368125000
356.3279871941,1.0723125000,0.5385000000,0.5364375000
356.4280102253,1.0725000000,0.5381250000,0.5364375000
356.5279748440,1.0725000000,0.5377500000,0.5373750000
356.6281354427,1.0725000000,0.5385000000,0.5368125000
356.7281208038,1.0725000000,0.5385000000,0.5368125000
356.8281562328,1.0725000000,0.5381250000,0.5373750000
356.9281704426,1.0725000000,0.5385000000,0.5373750000
357.0282688141,1.0725000000,0.5381250000,0.5368125000
357.1280777454,1.0723125000,0.5385000000,0.5368125000
357.2280120850,1.0725000000,0.5385000000,0.5368125000
357.3280067444,1.0725000000,0.5381250000,0.5364375000
357.4280049801,1.0725000000,0.5377500000,0.5373750000
357.5281031132,1.0725000000,0.5381250000,0.5368125000
357.6280958652,1.0725000000,0.5385000000,0.5373750000
357.7280862331,1.0725000000,0.5385000000,0.5373750000
357.8281235695,1.0725000000,0.5381250000,0.5373750000
357.9281187057,1.0725000000,0.5381250000,0.5373750000
358.0280933380,1.0725000000,0.5385000000,0.5368125000
358.1280357838,1.0725000000,0.5385000000,0.5373750000
358.2281463146,1.0725000000,0.5388750000,0.5368125000
358.3280746937,1.0723125000,0.5390625000,0.5368125000
358.4280772209,1.0725000000,0.5385000000,0.5368125000
358.5281243324,1.0725000000,0.5385000000,0.5368125000
358.6283073425,1.0725000000,0.5381250000,0.5364375000
358.7281167507,1.0725000000,0.5390625000,0.5368125000
358.8281595707,1.0725000000,0.5390625000,0.5373750000
358.9281399250,1.0725000000,0.5390625000,0.5373750000
359.0284469128,1.0725000000,0.5381250000,0.5364375000
359.1280403137,1.0725000000,0.5385000000,0.5368125000
359.2280485630,1.0725000000,0.5381250000,0.5373750000
359.3280053139,1.0725000000,0.5388750000,0.5364375000
359.4280586243,1.0726875000,0.5379375000,0.5368125000
359.5280294418,1.0725000000,0.5379375000,0.5373750000
359.6283118725,1.0725000000,0.5388750000,0.5368125000
359.7282643318,1.0726875000,0.5386875000,0.5364375000
359.8282399178,1.0726875000,0.5381250000,0.5373750000
359.9282271862,1.0725000000,0.5381250000,0.5373750000
360.0282478333,1.0726875000,0.5385000000,0.5373750000
360.1282410622,1.0725000000,0.5390625000,0.5368125000
360.2280468941,1.0726875000,0.5388750000,0.5364375000
360.3280189037,1.0725000000,0.5379375000,0.5368125000
360.4280209541,1.0726875000,0.5385000000,0.5368125000
360.5282611847,1.0726875000,0.5383125000,0.5368125000
360.6282210350,1.0725000000,0.5386875000,0.5373750000
360.7281708717,1.0726875000,0.5379375000,0.5368125000
360.8281972408,1.0725000000,0.5390625000,0.5373750000
360.9282207489,1.0726875000,0.5381250000,0.5373750000
361.0282042027,1.0725000000,0.5390625000,0.5368125000
361.1280412674,1.0726875000,0.5381250000,0.5364375000
361.2280473709,1.0725000000,0.5385000000,0.5373750000
361.3280332088,1.0726875000,0.5381250000,0.5368125000
361.4284498692,1.0726875000,0.5390625000,0.5368125000
361.5282471180,1.0726875000,0.5388750000,0.5373750000
361.6282413006,1.0726875000,0.5381250000,0.5373750000
361.7282230854,1.0726875000,0.5377500000,0.5368125000
361.8282804489,1.0726875000,0.5379375000,0.5373750000
361.9282183647,1.0726875000,0.5381250000,0.5364375000
362.0282306671,1.0725000000,0.5379375000,0.5364375000
362.1280622482,1.0725000000,0.5381250000,0.5368125000
362.2280533314,1.0726875000,0.5383125000,0.5364375000
362.3281250000,1.0726875000,0.5390625000,0.5368125000
362.4280173779,1.0726875000,0.5383125000,0.5368125000
362.5283954144,1.0726875000,0.5381250000,0.5368125000
362.6281964779,1.0726875000,0.5381250000,0.5364375000
362.7302227020,1.0726875000,0.5377500000,0.5360625000
362.8287363052,1.0726875000,0.5381250000,0.5370000000
362.9284281731,1.0728750000,0.5381250000,0.5368125000
363.0283224583,1.0726875000,0.5377500000,0.5368125000
363.1281125546,1.0726875000,0.5381250000,0.5368125000
363.2281258106,1.0726875000,0.5385000000,0.5368125000
363.3282325268,1.0726875000,0.5381250000,0.5368125000
363.4281144142,1.0728750000,0.5377500000,0.5368125000
363.5282864571,1.0728750000,0.5377500000,0.5366250000
363.6283016205,1.0726875000,0.5390625000,0.5364375000
363.7282505035,1.0728750000,0.5371875000,0.5362500000
363.8283956051,1.0728750000,0.5390625000,0.5366250000
363.9285757542,1.0728750000,0.5381250000,0.5368125000
364.0283548832,1.0728750000,0.5375625000,0.5370000000
364.1281151772,1.0726875000,0.5377500000,0.5366250000
364.2281005383,1.0728750000,0.5381250000,0.5364375000
364.3281486034,1.0726875000,0.5390625000,0.5362500000
364.4280295372,1.0726875000,0.5377500000,0.5366250000
364.5282258987,1.0728750000,0.5385000000,0.5368125000
364.6282482147,1.0728750000,0.5379375000,0.5366250000
364.7282528877,1.0728750000,0.5381250000,0.5364375000
364.8284258842,1.0726875000,0.5381250000,0.5364375000
364.9283168316,1.0728750000,0.5381250000,0.5360625000
365.0282804966,1.0726875000,0.5390625000,0.5364375000
365.1280431747,1.0728750000,0.5381250000,0.5364375000
365.2280533314,1.0726875000,0.5381250000,0.5364375000
365.3280160427,1.0728750000,0.5377500000,0.5360625000
365.4280347824,1.0728750000,0.5381250000,0.5362500000
365.5282030106,1.0728750000,0.5381250000,0.5362500000
365.6282060146,1.0728750000,0.5381250000,0.5364375000
365.7282583714,1.0728750000,0.5377500000,0.5360625000
365.8282306194,1.0728750000,0.5381250000,0.5368125000
365.9281921387,1.0728750000,0.5386875000,0.5368125000
366.0281722546,1.0728750000,0.5386875000,0.5368125000
366.1280333996,1.0728750000,0.5386875000,0.5364375000
366.2280104160,1.0728750000,0.5377500000,0.5368125000
366.3279964924,1.0728750000,0.5377500000,0.5364375000
366.4280180931,1.0728750000,0.5386875000,0.5366250000
366.5281238556,1.0728750000,0.5381250000,0.5360625000
366.6281173229,1.0730625000,0.5373750000,0.5364375000
366.7281670570,1.0728750000,0.5381250000,0.5364375000
366.8281784058,1.0728750000,0.5377500000,0.5362500000
366.9282393456,1.0730625000,0.5381250000,0.5353125000
367.0281493664,1.0728750000,0.5377500000,0.5364375000
367.1280217171,1.0728750000,0.5381250000,0.5364375000
367.2280399799,1.0730625000,0.5386875000,0.5368125000
367.3279988766,1.0730625000,0.5381250000,0.5364375000
367.4280481339,1.0728750000,0.5385000000,0.5364375000
367.5282750130,1.0728750000,0.5385000000,0.5360625000
367.6283912659,1.0730625000,0.5381250000,0.5353125000
367.7282454967,1.0728750000,0.5381250000,0.5360625000
367.8283360004,1.0730625000,0.5381250000,0.5353125000
367.9283044338,1.0730625000,0.5381250000,0.5351250000
368.0282137394,1.0730625000,0.5385000000,0.5360625000
368.1280212402,1.0730625000,0.5381250000,0.5364375000
368.2280251980,1.0730625000,0.5390625000,0.5362500000
368.3279888630,1.0728750000,0.5381250000,0.5360625000
368.4288349152,1.0730625000,0.5381250000,0.5358750000
368.5283935070,1.0730625000,0.5381250000,0.5366250000
368.6282098293,1.0730625000,0.5381250000,0.5356875000
368.7281832695,1.0730625000,0.5381250000,0.5360625000
368.8283078671,1.0730625000,0.5385000000,0.5356875000
368.9283814430,1.0730625000,0.5381250000,0.5358750000
369.0283243656,1.0730625000,0.5381250000,0.5356875000
369.1280596256,1.0732500000,0.5381250000,0.5356875000
369.2279889584,1.0730625000,0.5381250000,0.5351250000
369.3280043602,1.0730625000,0.5385000000,0.5368125000
369.4280536175,1.0732500000,0.5377500000,0.5366250000
369.5282778740,1.0730625000,0.5385000000,0.5360625000
369.6283521652,1.0730625000,0.5381250000,0.5360625000
369.7283532619,1.0730625000,0.5385000000,0.5358750000
369.8283183575,1.0730625000,0.5381250000,0.5360625000
369.9283113480,1.0730625000,0.5381250000,0.5358750000
370.0283520222,1.0730625000,0.5377500000,0.5355000000
370.1280188560,1.0732500000,0.5381250000,0.5356875000
370.2279968262,1.0732500000,0.5385000000,0.5358750000
370.3279948235,1.0730625000,0.5381250000,0.5360625000
370.4280385971,1.0732500000,0.5386875000,0.5358750000
370.5283224583,1.0730625000,0.5385000000,0.5356875000
370.6283721924,1.0730625000,0.5377500000,0.5364375000
370.7282667160,1.0732500000,0.5386875000,0.5351250000
370.8283119202,1.0732500000,0.5381250000,0.5360625000
370.9283406734,1.0730625000,0.5381250000,0.5360625000
371.0282728672,1.0732500000,0.5381250000,0.5360625000
371.1280214787,1.0732500000,0.5381250000,0.5356875000
371.2280101776,1.0730625000,0.5381250000,0.5356875000
371.3279943466,1.0732500000,0.5381250000,0.5356875000
371.4280245304,1.0732500000,0.5390625000,0.5360625000
371.5283906460,1.0732500000,0.5381250000,0.5360625000
371.6283822060,1.0732500000,0.5385000000,0.5360625000
371.7283113003,1.0732500000,0.5386875000,0.5356875000
371.8283405304,1.0732500000,0.5385000000,0.5355000000
371.9282581806,1.0730625000,0.5381250000,0.5356875000
372.0283010006,1.0732500000,0.5386875000,0.5356875000
372.1280236244,1.0732500000,0.5381250000,0.5360625000
372.2280230522,1.0732500000,0.5381250000,0.5362500000
372.3280100822,1.0732500000,0.5390625000,0.5364375000
372.4280033112,1.0732500000,0.5377500000,0.5360625000
372.5279765129,1.0732500000,0.5385000000,0.5360625000
372.6282448769,1.0732500000,0.5390625000,0.5356875000
372.7285761833,1.0732500000,0.5385000000,0.5358750000
372.8285834789,1.0732500000,0.5385000000,0.5360625000
372.9284389019,1.0732500000,0.5385000000,0.5366250000
373.0283977985,1.0732500000,0.5385000000,0.5355000000
373.1280813217,1.0732500000,0.5386875000,0.5362500000
373.2281007767,1.0732500000,0.5386875000,0.5355000000
373.3281221390,1.0732500000,0.5385000000,0.5356875000
373.4280653000,1.0732500000,0.5390625000,0.5356875000
373.5286428928,1.0732500000,0.5385000000,0.5351250000
373.6282873154,1.0732500000,0.5385000000,0.5355000000
373.7284417152,1.0732500000,0.5377500000,0.5360625000
373.8287825584,1.0734375000,0.5385000000,0.5356875000
373.9286727905,1.0734375000,0.5377500000,0.5356875000
374.0287322998,1.0732500000,0.5385000000,0.5360625000
374.1280772686,1.0734375000,0.5390625000,0.5360625000
374.2280852795,1.0732500000,0.5385000000,0.5356875000
374.3281016350,1.0734375000,0.5385000000,0.5356875000
374.4280724525,1.0732500000,0.5385000000,0.5360625000
374.5282697678,1.0732500000,0.5385000000,0.5356875000
374.6285946369,1.0732500000,0.5385000000,0.5360625000
374.7284929752,1.0734375000,0.5385000000,0.5358750000
374.8285012245,1.0732500000,0.5385000000,0.5355000000
374.9283330441,1.0734375000,0.5385000000,0.5356875000
375.0285224915,1.0734375000,0.5385000000,0.5355000000
375.1280238628,1.0732500000,0.5390625000,0.5360625000
375.2280831337,1.0734375000,0.5385000000,0.5356875000
375.3294398785,1.0732500000,0.5385000000,0.5356875000
375.4281446934,1.0734375000,0.5377500000,0.5355000000
375.5283155441,1.0734375000,0.5385000000,0.5360625000
375.6283023357,1.0734375000,0.5385000000,0.5364375000
375.7282905579,1.0734375000,0.5385000000,0.5360625000
375.8283011913,1.0732500000,0.5385000000,0.5360625000
375.9282414913,1.0734375000,0.5385000000,0.5360625000
376.0283117294,1.0734375000,0.5385000000,0.5368125000
376.1281642914,1.0734375000,0.5385000000,0.5360625000
376.2281074524,1.0734375000,0.5385000000,0.5360625000
376.3280870914,1.0734375000,0.5385000000,0.5368125000
376.4281315804,1.0734375000,0.5390625000,0.5356875000
376.5282819271,1.0734375000,0.5381250000,0.5351250000
376.6283237934,1.0734375000,0.5385000000,0.5356875000
376.7283804417,1.0734375000,0.5385000000,0.5360625000
376.8284325600,1.0734375000,0.5385000000,0.5360625000
376.9287395477,1.0734375000,0.5385000000,0.5360625000
377.0291979313,1.0734375000,0.5385000000,0.5362500000
377.1340479851,1.0734375000,0.5385000000,0.5364375000
377.2288355827,1.0734375000,0.5385000000,0.5362500000
377.3333456516,1.0734375000,0.5390625000,0.5362500000
377.4290115833,1.0734375000,0.5385000000,0.5360625000
377.5286033154,1.0736250000,0.5385000000,0.5360625000
377.6284358501,1.0734375000,0.5385000000,0.5368125000
377.7285068035,1.0734375000,0.5385000000,0.5360625000
377.8287563324,1.0734375000,0.5385000000,0.5360625000
377.9285862446,1.0736250000,0.5385000000,0.5362500000
378.0284106731,1.0736250000,0.5385000000,0.5356875000
378.1284000874,1.0734375000,0.5385000000,0.5364375000
378.2281234264,1.0734375000,0.5385000000,0.5360625000
378.3281626701,1.0734375000,0.5385000000,0.5356875000
378.4281291962,1.0734375000,0.5385000000,0.5360625000
378.5288486481,1.0736250000,0.5390625000,0.5360625000
378.6283187866,1.0734375000,0.5385000000,0.5356875000
378.7283127308,1.0736250000,0.5385000000,0.5362500000
378.8284008503,1.0734375000,0.5385000000,0.5362500000
378.9282903671,1.0736250000,0.5385000000,0.5356875000
379.0283555984,1.0736250000,0.5381250000,0.5366250000
379.1281704903,1.0736250000,0.5390625000,0.5351250000
379.2280862331,1.0736250000,0.5390625000,0.5368125000
379.3280313015,1.0736250000,0.5390625000,0.5362500000
379.4280014038,1.0736250000,0.5385000000,0.5356875000
379.5284287930,1.0736250000,0.5385000000,0.5362500000
379.6284759045,1.0736250000,0.5385000000,0.5356875000
379.7284975052,1.0736250000,0.5390625000,0.5370000000
379.8285300732,1.0736250000,0.5385000000,0.5356875000
379.9283549786,1.0736250000,0.5385000000,0.5360625000
