0.1100411415,1.8071250000,360.0000000000,0.0000000000
0.2095472813,1.8043125000,360.0000000000,0.0000000000
0.3094005585,1.8063750000,360.0000000000,0.0000000000
0.4094185829,1.8031875000,360.0000000000,0.0000000000
0.5094044209,1.8048750000,360.0000000000,0.0000000000
0.6095318794,1.8015000000,360.0000000000,0.0000000000
0.7094128132,1.8033750000,360.0000000000,0.0000000000
0.8095378876,1.8001875000,360.0000000000,0.0000000000
0.9094154835,1.8020625000,360.0000000000,0.0000000000
1.0095484257,1.7986875000,360.0000000000,0.0000000000
3.0327568054,1.7874375000,360.0000000000,0.0000000000
3.0426983833,1.7900625000,360.0000000000,0.0000000000
3.0525014400,1.7896875000,360.0000000000,0.0000000000
3.0620257854,1.7900625000,360.0000000000,0.0000000000
3.0715255737,1.7898750000,360.0000000000,0.0000000000
3.0809884071,1.7898750000,360.0000000000,0.0000000000
3.0905027390,1.7896875000,360.0000000000,0.0000000000
3.1001336575,1.7891250000,360.0000000000,0.0000000000
3.1097114086,1.7896875000,360.0000000000,0.0000000000
3.1191856861,1.7898750000,360.0000000000,0.0000000000
3.1287260056,1.7895000000,360.0000000000,0.0000000000
3.1382091045,1.7896875000,360.0000000000,0.0000000000
3.1478431225,1.7883750000,360.0000000000,0.0000000000
3.1573822498,1.7896875000,360.0000000000,0.0000000000
3.1676404476,1.7893125000,360.0000000000,0.0000000000
3.1772062778,1.7893125000,360.0000000000,0.0000000000
3.1866493225,1.7893125000,360.0000000000,0.0000000000
3.1965782642,1.7887500000,360.0000000000,0.0000000000
3.2061109543,1.7891250000,360.0000000000,0.0000000000
3.2156085968,1.7885625000,360.0000000000,0.0000000000
3.2252404690,1.7889375000,360.0000000000,0.0000000000
3.2347562313,1.7883750000,360.0000000000,0.0000000000
3.3096513748,1.7861250000,360.0000000000,0.0000000000
3.4096543789,1.7853750000,360.0000000000,0.0000000000
3.5096585751,1.7848125000,360.0000000000,0.0000000000
3.6096620560,1.7840625000,360.0000000000,0.0000000000
3.7094337940,1.7833125000,360.0000000000,0.0000000000
3.8094897270,1.7827500000,360.0000000000,0.0000000000
3.9095652103,1.7814375000,360.0000000000,0.0000000000
4.0097467899,1.7825625000,360.0000000000,0.0000000000
4.1096377373,1.7805000000,360.0000000000,0.0000000000
4.2095792294,1.7797500000,360.0000000000,0.0000000000
4.3094596863,1.7793750000,360.0000000000,0.0000000000
4.4094884396,1.7786250000,360.0000000000,0.0000000000
4.5095746517,1.7784375000,360.0000000000,0.0000000000
4.6095592976,1.7778750000,360.0000000000,0.0000000000
4.7094612122,1.7776875000,360.0000000000,0.0000000000
4.8095979691,1.7776875000,360.0000000000,0.0000000000
4.9094135761,1.7769375000,360.0000000000,0.0000000000
5.0094997883,1.7773125000,360.0000000000,0.0000000000
5.1094057560,1.7765625000,360.0000000000,0.0000000000
5.2094378471,1.7765625000,360.0000000000,0.0000000000
5.3094933033,1.7763750000,360.0000000000,0.0000000000
5.4094188213,1.7761875000,360.0000000000,0.0000000000
5.5094165802,1.7758125000,360.0000000000,0.0000000000
5.6095170975,1.7754375000,360.0000000000,0.0000000000
5.7095062733,1.7756250000,360.0000000000,0.0000000000
5.8095114231,1.7756250000,360.0000000000,0.0000000000
5.9095256329,1.7752500000,360.0000000000,0.0000000000
6.0094988346,1.7752500000,360.0000000000,0.0000000000
6.1094079018,1.7752500000,360.0000000000,0.0000000000
6.2095000744,1.7752500000,360.0000000000,0.0000000000
6.3094019890,1.7752500000,360.0000000000,0.0000000000
6.4095036983,1.7752500000,360.0000000000,0.0000000000
6.5095365047,1.7752500000,360.0000000000,0.0000000000
6.6095039845,1.7754375000,360.0000000000,0.0000000000
6.7096273899,1.7754375000,360.0000000000,0.0000000000
6.8096222878,1.7758125000,360.0000000000,0.0000000000
6.9096078873,1.7760000000,360.0000000000,0.0000000000
7.0095403194,1.7761875000,360.0000000000,0.0000000000
7.1094174385,1.7765625000,360.0000000000,0.0000000000
7.2095236778,1.7765625000,360.0000000000,0.0000000000
7.3095796108,1.7769375000,360.0000000000,0.0000000000
7.4095268250,1.7775000000,360.0000000000,0.0000000000
7.5093991756,1.7778750000,360.0000000000,0.0000000000
7.6095347404,1.7782500000,360.0000000000,0.0000000000
7.7095222473,1.7786250000,360.0000000000,0.0000000000
7.8093991280,1.7791875000,360.0000000000,0.0000000000
7.9094388485,1.7795625000,360.0000000000,0.0000000000
8.0095694065,1.7803125000,360.0000000000,0.0000000000
8.1095614433,1.7810625000,360.0000000000,0.0000000000
8.2094273567,1.7816250000,360.0000000000,0.0000000000
8.3094170094,1.7823750000,360.0000000000,0.0000000000
8.4094090462,1.7827500000,360.0000000000,0.0000000000
8.5096688271,1.7838750000,360.0000000000,0.0000000000
8.6096792221,1.7848125000,360.0000000000,0.0000000000
8.7096419334,1.7857500000,360.0000000000,0.0000000000
8.8095369339,1.7865000000,360.0000000000,0.0000000000
8.9095499516,1.7876250000,360.0000000000,0.0000000000
9.0095570087,1.7885625000,360.0000000000,0.0000000000
9.1104660034,1.7921250000,360.0000000000,0.0000000000
9.2095403671,1.7908125000,360.0000000000,0.0000000000
9.3094134331,1.7919375000,360.0000000000,0.0000000000
9.4094316959,1.7930625000,360.0000000000,0.0000000000
9.5094022751,1.7943750000,360.0000000000,0.0000000000
9.6094045639,1.7956875000,360.0000000000,0.0000000000
9.7094049454,1.7966250000,360.0000000000,0.0000000000
9.8094310760,1.7983125000,360.0000000000,0.0000000000
9.9095678329,1.7992500000,360.0000000000,0.0000000000
10.0094470978,1.7998125000,360.0000000000,0.0000000000
10.1097974777,1.8013125000,360.0000000000,0.0000000000
10.2097678185,1.8031875000,360.0000000000,0.0000000000
10.3096804619,1.8048750000,360.0000000000,0.0000000000
10.4097836018,1.8058125000,360.0000000000,0.0000000000
10.5096848011,1.8076875000,360.0000000000,0.0000000000
10.6096901894,1.8095625000,360.0000000000,0.0000000000
10.7096683979,1.8114375000,360.0000000000,0.0000000000
10.8096621037,1.8135000000,360.0000000000,0.0000000000
10.9095027447,1.8157500000,360.0000000000,0.0000000000
11.0095705986,1.8180000000,360.0000000000,0.0000000000
11.1095356941,1.8200625000,360.0000000000,0.0000000000
11.2095239162,1.8219375000,360.0000000000,0.0000000000
11.3094015121,1.8238125000,360.0000000000,0.0000000000
11.4094049931,1.8258750000,360.0000000000,0.0000000000
11.5094518661,1.8270000000,360.0000000000,0.0000000000
11.6095175743,1.8300000000,360.0000000000,0.0000000000
11.7095160484,1.8322500000,360.0000000000,0.0000000000
11.8095271587,1.8315000000,360.0000000000,0.0000000000
11.9093985558,1.8365625000,360.0000000000,0.0000000000
12.0095369816,1.8361875000,360.0000000000,0.0000000000
12.1095166206,1.8414375000,360.0000000000,0.0000000000
12.2095322609,1.8408750000,360.0000000000,0.0000000000
12.3094272614,1.8459375000,360.0000000000,0.0000000000
12.4095203876,1.8457500000,360.0000000000,0.0000000000
12.5095312595,1.8513750000,360.0000000000,0.0000000000
12.6094100475,1.8511875000,360.0000000000,0.0000000000
12.7095570564,1.8564375000,360.0000000000,0.0000000000
12.8094851971,1.8564375000,360.0000000000,0.0000000000
12.9094049931,1.8611250000,360.0000000000,0.0000000000
13.0094316006,1.8618750000,360.0000000000,0.0000000000
13.1094484329,1.8671250000,360.0000000000,0.0000000000
13.2095236778,1.8673125000,360.0000000000,0.0000000000
13.3094494343,1.8727500000,360.0000000000,0.0000000000
13.4095439911,1.8731250000,360.0000000000,0.0000000000
13.5095329285,1.8785625000,360.0000000000,0.0000000000
13.6094772816,1.8783750000,360.0000000000,0.0000000000
13.7095699310,1.8843750000,360.0000000000,0.0000000000
13.8095486164,1.8843750000,360.0000000000,0.0000000000
13.9095425606,1.8901875000,360.0000000000,0.0000000000
14.0094170570,1.8905625000,360.0000000000,0.0000000000
14.1094219685,1.8954375000,360.0000000000,0.0000000000
14.2094151974,1.8965625000,360.0000000000,0.0000000000
14.3094079494,1.9025625000,360.0000000000,0.0000000000
14.4093971252,1.9055625000,360.0000000000,0.0000000000
14.5094125271,1.9081875000,360.0000000000,0.0000000000
14.6095149517,1.9117500000,360.0000000000,0.0000000000
14.7095270157,1.9153125000,360.0000000000,0.0000000000
14.8094041348,1.9183125000,360.0000000000,0.0000000000
14.9094092846,1.9215000000,360.0000000000,0.0000000000
15.0096657276,1.9248750000,360.0000000000,0.0000000000
15.1098468304,1.9246875000,360.0000000000,0.0000000000
15.2096490860,1.9314375000,360.0000000000,0.0000000000
15.3094155788,1.9346250000,360.0000000000,0.0000000000
15.4094491005,1.9378125000,360.0000000000,0.0000000000
15.5094151497,1.9413750000,360.0000000000,0.0000000000
15.6094095707,1.9449375000,360.0000000000,0.0000000000
15.7094156742,1.9481250000,360.0000000000,0.0000000000
15.8094985485,1.9516875000,360.0000000000,0.0000000000
15.9094274044,1.9541250000,360.0000000000,0.0000000000
16.0095798969,1.9575000000,360.0000000000,0.0000000000
16.1095447540,1.9612500000,360.0000000000,0.0000000000
16.2095446587,1.9646250000,360.0000000000,0.0000000000
16.3095769882,1.9678125000,360.0000000000,0.0000000000
16.4095468521,1.9715625000,360.0000000000,0.0000000000
16.5096795559,1.9749375000,360.0000000000,0.0000000000
16.6096665859,1.9783125000,360.0000000000,0.0000000000
16.7096529007,1.9818750000,360.0000000000,0.0000000000
16.8094484806,1.9858125000,360.0000000000,0.0000000000
16.9094669819,1.9897500000,360.0000000000,0.0000000000
17.0093967915,1.9935000000,360.0000000000,0.0000000000
17.1093986034,1.9966875000,360.0000000000,0.0000000000
17.2095012665,2.0000625000,360.0000000000,0.0000000000
17.3094365597,2.0036250000,360.0000000000,0.0000000000
17.4095079899,2.0073750000,360.0000000000,0.0000000000
17.5094113350,2.0103750000,360.0000000000,0.0000000000
17.6095049381,2.0143125000,360.0000000000,0.0000000000
17.7094926834,2.0178750000,360.0000000000,0.0000000000
17.8095149994,2.0212500000,360.0000000000,0.0000000000
17.9094889164,2.0250000000,360.0000000000,0.0000000000
18.0094971657,2.0283750000,360.0000000000,0.0000000000
18.1096105576,2.0319375000,360.0000000000,0.0000000000
18.2096991539,2.0355000000,360.0000000000,0.0000000000
18.3095989227,2.0388750000,360.0000000000,0.0000000000
18.4096152782,2.0422500000,360.0000000000,0.0000000000
18.5095973015,2.0460000000,360.0000000000,0.0000000000
18.6094951630,2.0493750000,360.0000000000,0.0000000000
18.7094964981,2.0527500000,360.0000000000,0.0000000000
18.8095026016,2.0565000000,360.0000000000,0.0000000000
18.9094946384,2.0600625000,360.0000000000,0.0000000000
19.0094330311,2.0625000000,360.0000000000,0.0000000000
19.1094193459,2.0660625000,360.0000000000,0.0000000000
19.2095589638,2.0700000000,360.0000000000,0.0000000000
19.3094308376,2.0731875000,360.0000000000,0.0000000000
19.4094276428,2.0767500000,360.0000000000,0.0000000000
19.5095624924,2.0799375000,360.0000000000,0.0000000000
19.6094303131,2.0833125000,360.0000000000,0.0000000000
19.7094287872,2.0868750000,360.0000000000,0.0000000000
19.8094272614,2.0900625000,360.0000000000,0.0000000000
19.9094302654,2.0934375000,360.0000000000,0.0000000000
20.0094323158,2.0970000000,360.0000000000,0.0000000000
20.1094217300,2.1001875000,360.0000000000,0.0000000000
20.2094335556,2.1037500000,360.0000000000,0.0000000000
20.3094227314,2.1071250000,360.0000000000,0.0000000000
20.4094212055,2.1103125000,360.0000000000,0.0000000000
20.5094232559,2.1125625000,360.0000000000,0.0000000000
20.6094269753,2.1165000000,360.0000000000,0.0000000000
20.7094326019,2.1198750000,360.0000000000,0.0000000000
20.8094296455,2.1221250000,360.0000000000,0.0000000000
20.9094202518,2.1264375000,360.0000000000,0.0000000000
21.0094208717,2.1292500000,360.0000000000,0.0000000000
21.1094269753,2.1324375000,360.0000000000,0.0000000000
21.2094171047,2.1356250000,360.0000000000,0.0000000000
21.3094172478,2.1390000000,360.0000000000,0.0000000000
21.4094374180,2.1416250000,360.0000000000,0.0000000000
21.5094265938,2.1448125000,360.0000000000,0.0000000000
21.6094164848,2.1480000000,360.0000000000,0.0000000000
21.7094316483,2.1508125000,360.0000000000,0.0000000000
21.8094365597,2.1543750000,360.0000000000,0.0000000000
21.9094610214,2.1564375000,360.0000000000,0.0000000000
22.0094487667,2.1586875000,360.0000000000,0.0000000000
22.1095666885,2.1628125000,360.0000000000,0.0000000000
22.2095761299,2.1656250000,360.0000000000,0.0000000000
22.3095328808,2.1686250000,360.0000000000,0.0000000000
22.4094517231,2.1718125000,360.0000000000,0.0000000000
22.5094704628,2.1742500000,360.0000000000,0.0000000000
22.6094655991,2.1772500000,360.0000000000,0.0000000000
22.7095892429,2.1806250000,360.0000000000,0.0000000000
22.8094871044,2.1841875000,360.0000000000,0.0000000000
22.9094555378,2.1870000000,360.0000000000,0.0000000000
23.0095541477,2.1901875000,360.0000000000,0.0000000000
23.1094169617,2.1928125000,360.0000000000,0.0000000000
23.2094178200,2.1954375000,360.0000000000,0.0000000000
23.3094100952,2.1982500000,360.0000000000,0.0000000000
23.4094235897,2.2005000000,360.0000000000,0.0000000000
23.5094537735,2.2031250000,360.0000000000,0.0000000000
23.6094241142,2.2066875000,360.0000000000,0.0000000000
23.7094209194,2.2095000000,360.0000000000,0.0000000000
23.8094317913,2.2115625000,360.0000000000,0.0000000000
23.9094090462,2.2143750000,360.0000000000,0.0000000000
24.0095624924,2.2177500000,360.0000000000,0.0000000000
24.1094326973,2.2205625000,360.0000000000,0.0000000000
24.2095561028,2.2235625000,360.0000000000,0.0000000000
24.3094213009,2.2261875000,360.0000000000,0.0000000000
24.4094433784,2.2284375000,360.0000000000,0.0000000000
24.5094234943,2.2305000000,360.0000000000,0.0000000000
24.6095538139,2.2306875000,360.0000000000,0.0000000000
24.7094216347,2.2363125000,360.0000000000,0.0000000000
24.8094146252,2.2351875000,360.0000000000,0.0000000000
24.9095480442,2.2415625000,360.0000000000,0.0000000000
25.0094351768,2.2404375000,360.0000000000,0.0000000000
25.1095914841,2.2466250000,360.0000000000,0.0000000000
25.2094361782,2.2462500000,360.0000000000,0.0000000000
25.3096003532,2.2507500000,360.0000000000,0.0000000000
25.4094381332,2.2515000000,360.0000000000,0.0000000000
25.5094325542,2.2558125000,360.0000000000,0.0000000000
25.6095786095,2.2561875000,360.0000000000,0.0000000000
25.7094218731,2.2606875000,360.0000000000,0.0000000000
25.8095645905,2.2608750000,360.0000000000,0.0000000000
25.9094362259,2.2646250000,360.0000000000,0.0000000000
26.0094370842,2.2657500000,360.0000000000,0.0000000000
26.1094365120,2.2702500000,360.0000000000,0.0000000000
26.2094426155,2.2704375000,360.0000000000,0.0000000000
26.3096389771,2.2747500000,360.0000000000,0.0000000000
26.4094405174,2.2751250000,360.0000000000,0.0000000000
26.5094218254,2.2786875000,360.0000000000,0.0000000000
26.6094274521,2.2798125000,360.0000000000,0.0000000000
26.7094533443,2.2839375000,360.0000000000,0.0000000000
26.8094506264,2.2839375000,360.0000000000,0.0000000000
26.9096007347,2.2890000000,360.0000000000,0.0000000000
27.0094580650,2.2871250000,360.0000000000,0.0000000000
27.1094863415,2.2925625000,360.0000000000,0.0000000000
27.2094669342,2.2950000000,360.0000000000,0.0000000000
27.3096749783,2.2972500000,360.0000000000,0.0000000000
27.4096062183,2.2991250000,360.0000000000,0.0000000000
27.5094456673,2.3008125000,360.0000000000,0.0000000000
27.6094565392,2.3028750000,360.0000000000,0.0000000000
27.7095181942,2.3058750000,360.0000000000,0.0000000000
27.8096184731,2.3088750000,360.0000000000,0.0000000000
27.9094138145,2.3113125000,360.0000000000,0.0000000000
28.0094213486,2.3118750000,360.0000000000,0.0000000000
28.1094119549,2.3146875000,360.0000000000,0.0000000000
28.2094266415,2.3167500000,360.0000000000,0.0000000000
28.3094220161,2.3186250000,360.0000000000,0.0000000000
28.4094150066,2.3212500000,360.0000000000,0.0000000000
28.5094094276,2.3235000000,360.0000000000,0.0000000000
28.6095690727,2.3253750000,360.0000000000,0.0000000000
28.7094185352,2.3268750000,360.0000000000,0.0000000000
28.8094220161,2.3295000000,360.0000000000,0.0000000000
28.9094336033,2.3308125000,360.0000000000,0.0000000000
29.0095739365,2.3330625000,360.0000000000,0.0000000000
29.1094250679,2.3353125000,360.0000000000,0.0000000000
29.2094249725,2.3366250000,360.0000000000,0.0000000000
29.3095510006,2.3388750000,360.0000000000,0.0000000000
29.4094257355,2.3401875000,360.0000000000,0.0000000000
29.5094547272,2.3418750000,360.0000000000,0.0000000000
29.6094188690,2.3437500000,360.0000000000,0.0000000000
29.7094273567,2.3460000000,360.0000000000,0.0000000000
29.8094241619,2.3476875000,360.0000000000,0.0000000000
29.9094252586,2.3493750000,360.0000000000,0.0000000000
30.0094273090,2.3514375000,360.0000000000,0.0000000000
30.1095764637,2.3538750000,360.0000000000,0.0000000000
30.2094063759,2.3553750000,360.0000000000,0.0000000000
30.3094024658,2.3574375000,360.0000000000,0.0000000000
30.4094138145,2.3589375000,360.0000000000,0.0000000000
30.5094058514,2.3606250000,360.0000000000,0.0000000000
30.6095929146,2.3626875000,360.0000000000,0.0000000000
30.7094519138,2.3643750000,360.0000000000,0.0000000000
30.8095836639,2.3662500000,360.0000000000,0.0000000000
30.9095895290,2.3679375000,360.0000000000,0.0000000000
31.0095763206,2.3696250000,360.0000000000,0.0000000000
31.1094245911,2.3713125000,360.0000000000,0.0000000000
31.2094216347,2.3722500000,360.0000000000,0.0000000000
31.3095936775,2.3741250000,360.0000000000,0.0000000000
31.4094200134,2.3756250000,360.0000000000,0.0000000000
31.5094282627,2.3778750000,360.0000000000,0.0000000000
31.6094479561,2.3795625000,360.0000000000,0.0000000000
31.7094211578,2.3810625000,360.0000000000,0.0000000000
31.8094160557,2.3829375000,360.0000000000,0.0000000000
31.9094340801,2.3846250000,360.0000000000,0.0000000000
32.0094287395,2.3861250000,360.0000000000,0.0000000000
32.1094281673,2.3878125000,360.0000000000,0.0000000000
32.2094442844,2.3891250000,360.0000000000,0.0000000000
32.3094363213,2.3900625000,360.0000000000,0.0000000000
32.4094195366,2.3923125000,360.0000000000,0.0000000000
32.5094532967,2.3930625000,360.0000000000,0.0000000000
32.6094427109,2.3945625000,360.0000000000,0.0000000000
32.7094509602,2.3955000000,360.0000000000,0.0000000000
32.8094441891,2.3966250000,360.0000000000,0.0000000000
32.9094443321,2.3981250000,360.0000000000,0.0000000000
33.0094454288,2.3998125000,360.0000000000,0.0000000000
33.1094558239,2.4009375000,360.0000000000,0.0000000000
33.2096140385,2.4031875000,360.0000000000,0.0000000000
33.3094615936,2.4037500000,360.0000000000,0.0000000000
33.4094784260,2.4054375000,360.0000000000,0.0000000000
33.5094745159,2.4073125000,360.0000000000,0.0000000000
33.6094698906,2.4093750000,360.0000000000,0.0000000000
33.7094964981,2.4116250000,360.0000000000,0.0000000000
33.8094139099,2.4129375000,360.0000000000,0.0000000000
33.9094169140,2.4136875000,360.0000000000,0.0000000000
34.0096282959,2.4157500000,360.0000000000,0.0000000000
34.1094460487,2.4172500000,360.0000000000,0.0000000000
34.2094202042,2.4178125000,360.0000000000,0.0000000000
34.3095638752,2.4198750000,360.0000000000,0.0000000000
34.4094181061,2.4206250000,360.0000000000,0.0000000000
34.5095493793,2.4226875000,360.0000000000,0.0000000000
34.6095502377,2.4243750000,360.0000000000,0.0000000000
34.7094247341,2.4253125000,360.0000000000,0.0000000000
34.8094334602,2.4268125000,360.0000000000,0.0000000000
34.9095580578,2.4279375000,360.0000000000,0.0000000000
35.0094175339,2.4292500000,360.0000000000,0.0000000000
35.1095504761,2.4305625000,360.0000000000,0.0000000000
35.2095646858,2.4318750000,360.0000000000,0.0000000000
35.3094246387,2.4324375000,360.0000000000,0.0000000000
35.4095458984,2.4343125000,360.0000000000,0.0000000000
35.5094370842,2.4346875000,360.0000000000,0.0000000000
35.6094174385,2.4361875000,360.0000000000,0.0000000000
35.7094166279,2.4369375000,360.0000000000,0.0000000000
35.8094186783,2.4388125000,360.0000000000,0.0000000000
35.9094185829,2.4399375000,360.0000000000,0.0000000000
36.0094161034,2.4410625000,360.0000000000,0.0000000000
36.1094217300,2.4427500000,360.0000000000,0.0000000000
36.2094197273,2.4435000000,360.0000000000,0.0000000000
36.3095569611,2.4451875000,360.0000000000,0.0000000000
36.4093961716,2.4468750000,360.0000000000,0.0000000000
36.5094041824,2.4476250000,360.0000000000,0.0000000000
36.6094281673,2.4489375000,360.0000000000,0.0000000000
36.7094321251,2.4500625000,360.0000000000,0.0000000000
36.8094329834,2.4513750000,360.0000000000,0.0000000000
36.9094238281,2.4517500000,360.0000000000,0.0000000000
37.0096056461,2.4532500000,360.0000000000,0.0000000000
37.1094219685,2.4551250000,360.0000000000,0.0000000000
37.2094342709,2.4562500000,360.0000000000,0.0000000000
37.3094925880,2.4568125000,360.0000000000,0.0000000000
37.4094297886,2.4541875000,360.0000000000,0.0000000000
37.5094270706,2.4594375000,360.0000000000,0.0000000000
37.6094255447,2.4568125000,360.0000000000,0.0000000000
37.7094349861,2.4613125000,360.0000000000,0.0000000000
37.8094322681,2.4592500000,360.0000000000,0.0000000000
37.9094364643,2.4633750000,360.0000000000,0.0000000000
38.0094366074,2.4611250000,360.0000000000,0.0000000000
38.1094391346,2.4658125000,360.0000000000,0.0000000000
38.2094419003,2.4633750000,360.0000000000,0.0000000000
38.3094410896,2.4676875000,360.0000000000,0.0000000000
38.4094316959,2.4661875000,360.0000000000,0.0000000000
38.5094349384,2.4695625000,360.0000000000,0.0000000000
38.6094436646,2.4675000000,360.0000000000,0.0000000000
38.7094621658,2.4712500000,360.0000000000,0.0000000000
38.8094506264,2.4686250000,360.0000000000,0.0000000000
38.9094674587,2.4738750000,360.0000000000,0.0000000000
39.0094883442,2.4716250000,360.0000000000,0.0000000000
39.1094632149,2.4755625000,360.0000000000,0.0000000000
39.2096133232,2.4731250000,360.0000000000,0.0000000000
39.3094706535,2.4776250000,360.0000000000,0.0000000000
39.4094789028,2.4755625000,360.0000000000,0.0000000000
39.5096056461,2.4793125000,360.0000000000,0.0000000000
39.6096026897,2.4774375000,360.0000000000,0.0000000000
39.7094979286,2.4828750000,360.0000000000,0.0000000000
39.8095815182,2.4800625000,360.0000000000,0.0000000000
39.9094207287,2.4849375000,360.0000000000,0.0000000000
42.0260646343,2.5038750000,360.0000000000,0.0000000000
42.0359642506,2.5081875000,360.0000000000,0.0000000000
42.0456361771,2.5085625000,360.0000000000,0.0000000000
42.0552716255,2.5096875000,360.0000000000,0.0000000000
42.0648245811,2.5091250000,360.0000000000,0.0000000000
42.0743095875,2.5100625000,360.0000000000,0.0000000000
42.0839498043,2.5093125000,360.0000000000,0.0000000000
42.0935990810,2.5100625000,360.0000000000,0.0000000000
42.1031610966,2.5095000000,360.0000000000,0.0000000000
42.1126632690,2.5100625000,360.0000000000,0.0000000000
42.1222054958,2.5098750000,360.0000000000,0.0000000000
42.1317014694,2.5102500000,360.0000000000,0.0000000000
42.1413373947,2.5091250000,360.0000000000,0.0000000000
42.1509125233,2.5100625000,360.0000000000,0.0000000000
42.1606771946,2.5108125000,360.0000000000,0.0000000000
42.1702399254,2.5106250000,360.0000000000,0.0000000000
42.1796951294,2.5108125000,360.0000000000,0.0000000000
42.1893382072,2.5093125000,360.0000000000,0.0000000000
42.1988601685,2.5106250000,360.0000000000,0.0000000000
42.2083835602,2.5104375000,360.0000000000,0.0000000000
42.2178757191,2.5106250000,360.0000000000,0.0000000000
42.2274219990,2.5104375000,360.0000000000,0.0000000000
42.2370891571,2.5108125000,360.0000000000,0.0000000000
42.3098537922,2.5119375000,360.0000000000,0.0000000000
42.4094207287,2.5080000000,360.0000000000,0.0000000000
42.5094194412,2.5095000000,360.0000000000,0.0000000000
42.6094202995,2.5095000000,360.0000000000,0.0000000000
42.7094273567,2.5106250000,360.0000000000,0.0000000000
42.8094179630,2.5121250000,360.0000000000,0.0000000000
42.9094209671,2.5128750000,360.0000000000,0.0000000000
43.0094406605,2.5140000000,360.0000000000,0.0000000000
43.1094126701,2.5141875000,360.0000000000,0.0000000000
43.2094161510,2.5158750000,360.0000000000,0.0000000000
43.3094222546,2.5166250000,360.0000000000,0.0000000000
43.4094419479,2.5173750000,360.0000000000,0.0000000000
43.5094230175,2.5181250000,360.0000000000,0.0000000000
43.6094350815,2.5181250000,360.0000000000,0.0000000000
43.7094171047,2.5192500000,360.0000000000,0.0000000000
43.8094213009,2.5200000000,360.0000000000,0.0000000000
43.9094538689,2.5203750000,360.0000000000,0.0000000000
44.0094630718,2.5207500000,360.0000000000,0.0000000000
44.1095600128,2.5216875000,360.0000000000,0.0000000000
44.2095744610,2.5224375000,360.0000000000,0.0000000000
44.3095729351,2.5231875000,360.0000000000,0.0000000000
44.4095978737,2.5241250000,360.0000000000,0.0000000000
44.5094926357,2.5239375000,360.0000000000,0.0000000000
44.6096150875,2.5250625000,360.0000000000,0.0000000000
44.7094588280,2.5256250000,360.0000000000,0.0000000000
44.8094539642,2.5269375000,360.0000000000,0.0000000000
44.9094707966,2.5282500000,360.0000000000,0.0000000000
45.0095422268,2.5293750000,360.0000000000,0.0000000000
45.1095299721,2.5301250000,360.0000000000,0.0000000000
45.2094249725,2.5306875000,360.0000000000,0.0000000000
45.3094084263,2.5308750000,360.0000000000,0.0000000000
45.4095511436,2.5321875000,360.0000000000,0.0000000000
45.5094199181,2.5329375000,360.0000000000,0.0000000000
45.6095268726,2.5333125000,360.0000000000,0.0000000000
45.7095437050,2.5342500000,360.0000000000,0.0000000000
45.8094155788,2.5348125000,360.0000000000,0.0000000000
45.9095320702,2.5355625000,360.0000000000,0.0000000000
46.0094430447,2.5353750000,360.0000000000,0.0000000000
46.1094176769,2.5359375000,360.0000000000,0.0000000000
46.2094330788,2.5372500000,360.0000000000,0.0000000000
46.3094232082,2.5376250000,360.0000000000,0.0000000000
46.4094042778,2.5381875000,360.0000000000,0.0000000000
46.5097591877,2.5381875000,360.0000000000,0.0000000000
46.6094279289,2.5389375000,360.0000000000,0.0000000000
46.7095444202,2.5396875000,360.0000000000,0.0000000000
46.8095417023,2.5402500000,360.0000000000,0.0000000000
46.9094145298,2.5400625000,360.0000000000,0.0000000000
47.0095496178,2.5413750000,360.0000000000,0.0000000000
47.1094076633,2.5413750000,360.0000000000,0.0000000000
47.2094154358,2.5417500000,360.0000000000,0.0000000000
47.3095080853,2.5408125000,360.0000000000,0.0000000000
47.4094109535,2.5423125000,360.0000000000,0.0000000000
47.5094785690,2.5436250000,360.0000000000,0.0000000000
47.6094219685,2.5426875000,360.0000000000,0.0000000000
47.7094149590,2.5432500000,360.0000000000,0.0000000000
47.8095688820,2.5445625000,360.0000000000,0.0000000000
47.9094269276,2.5447500000,360.0000000000,0.0000000000
48.0094158649,2.5447500000,360.0000000000,0.0000000000
48.1095602512,2.5456875000,360.0000000000,0.0000000000
48.2094154358,2.5462500000,360.0000000000,0.0000000000
48.3094155788,2.5464375000,360.0000000000,0.0000000000
48.4094376564,2.5473750000,360.0000000000,0.0000000000
48.5094416142,2.5408125000,360.0000000000,0.0000000000
48.6094362736,2.5473750000,360.0000000000,0.0000000000
48.7094333172,2.5453125000,360.0000000000,0.0000000000
48.8094267845,2.5605000000,360.0000000000,0.0000000000
48.9094383717,2.5483125000,360.0000000000,0.0000000000
49.0094552040,2.5222500000,360.0000000000,0.0000000000
49.1094653606,2.5134375000,360.0000000000,0.0000000000
49.2094857693,2.5156875000,360.0000000000,0.0000000000
49.3094317913,2.5162500000,360.0000000000,0.0000000000
49.4094195366,2.5145625000,360.0000000000,0.0000000000
49.5094273090,2.5162500000,360.0000000000,0.0000000000
49.6094543934,2.5173750000,360.0000000000,0.0000000000
49.7094593048,2.5179375000,360.0000000000,0.0000000000
49.8094573021,2.5147500000,360.0000000000,0.0000000000
49.9094350338,2.5162500000,360.0000000000,0.0000000000
50.0094726086,2.5143750000,360.0000000000,0.0000000000
50.1094462872,2.5138125000,360.0000000000,0.0000000000
50.2094645500,2.5123125000,360.0000000000,0.0000000000
50.3094797134,2.5170000000,360.0000000000,0.0000000000
50.4101316929,2.5046250000,360.0000000000,0.0000000000
50.5098774433,2.5168125000,360.0000000000,0.0000000000
50.6097118855,2.5141875000,360.0000000000,0.0000000000
50.7096862793,2.5181250000,360.0000000000,0.0000000000
50.8095102310,2.5128750000,360.0000000000,0.0000000000
50.9097964764,2.5200000000,360.0000000000,0.0000000000
51.0095677376,2.5126875000,360.0000000000,0.0000000000
51.1095445156,2.5179375000,360.0000000000,0.0000000000
51.2094216347,2.5121250000,360.0000000000,0.0000000000
51.3094217777,2.5162500000,360.0000000000,0.0000000000
51.4094314575,2.5126875000,360.0000000000,0.0000000000
51.5094175339,2.5175625000,360.0000000000,0.0000000000
51.6094188690,2.5143750000,360.0000000000,0.0000000000
51.7094128132,2.5177500000,360.0000000000,0.0000000000
51.8094160557,2.5140000000,360.0000000000,0.0000000000
51.9095573425,2.5175625000,360.0000000000,0.0000000000
52.0094578266,2.5121250000,360.0000000000,0.0000000000
52.1094114780,2.5158750000,360.0000000000,0.0000000000
52.2095410824,2.5130625000,360.0000000000,0.0000000000
52.3094942570,2.5145625000,360.0000000000,0.0000000000
52.4094142914,2.5126875000,360.0000000000,0.0000000000
52.5094084740,2.5160625000,360.0000000000,0.0000000000
52.6094119549,2.5123125000,360.0000000000,0.0000000000
52.7095677853,2.5166250000,360.0000000000,0.0000000000
52.8094103336,2.5156875000,360.0000000000,0.0000000000
52.9094245434,2.5151250000,360.0000000000,0.0000000000
53.0094246864,2.5153125000,360.0000000000,0.0000000000
53.1094241142,2.5153125000,360.0000000000,0.0000000000
53.2094242573,2.5151250000,360.0000000000,0.0000000000
53.3094022274,2.5141875000,360.0000000000,0.0000000000
53.4095640182,2.5143750000,360.0000000000,0.0000000000
53.5096306801,2.5138125000,360.0000000000,0.0000000000
53.6094195843,2.5128750000,360.0000000000,0.0000000000
53.7094233036,2.5126875000,360.0000000000,0.0000000000
53.8095607758,2.5126875000,360.0000000000,0.0000000000
53.9095618725,2.5115625000,360.0000000000,0.0000000000
54.0094068050,2.5111875000,360.0000000000,0.0000000000
54.1095654964,2.5113750000,360.0000000000,0.0000000000
54.2094259262,2.5108125000,360.0000000000,0.0000000000
54.3094098568,2.5096875000,360.0000000000,0.0000000000
54.4094226360,2.5096875000,360.0000000000,0.0000000000
54.5094177723,2.5098750000,360.0000000000,0.0000000000
54.6094298363,2.5093125000,360.0000000000,0.0000000000
54.7094297409,2.5087500000,360.0000000000,0.0000000000
54.8094301224,2.5083750000,360.0000000000,0.0000000000
54.9094188213,2.5080000000,360.0000000000,0.0000000000
55.0094363689,2.5076250000,360.0000000000,0.0000000000
55.1094293594,2.5068750000,360.0000000000,0.0000000000
55.2094216347,2.5059375000,360.0000000000,0.0000000000
55.3094756603,2.5050000000,360.0000000000,0.0000000000
55.4095654488,2.5036875000,360.0000000000,0.0000000000
55.5094594955,2.5025625000,360.0000000000,0.0000000000
55.6095798016,2.5025625000,360.0000000000,0.0000000000
55.7095851898,2.5016250000,360.0000000000,0.0000000000
55.8095607758,2.5012500000,360.0000000000,0.0000000000
55.9095730782,2.5006875000,360.0000000000,0.0000000000
56.0094735622,2.4999375000,360.0000000000,0.0000000000
56.1095790863,2.4990000000,360.0000000000,0.0000000000
56.2095942497,2.4986250000,360.0000000000,0.0000000000
56.3094730377,2.4991875000,360.0000000000,0.0000000000
56.4095451832,2.4988125000,360.0000000000,0.0000000000
56.5095081329,2.4978750000,360.0000000000,0.0000000000
56.6095254421,2.4971250000,360.0000000000,0.0000000000
56.7095301151,2.4965625000,360.0000000000,0.0000000000
56.8095355034,2.4958125000,360.0000000000,0.0000000000
56.9095351696,2.4950625000,360.0000000000,0.0000000000
57.0095353127,2.4945000000,360.0000000000,0.0000000000
57.1095430851,2.4937500000,360.0000000000,0.0000000000
57.2095375061,2.4930000000,360.0000000000,0.0000000000
57.3095114231,2.4915000000,360.0000000000,0.0000000000
57.4094114304,2.4909375000,360.0000000000,0.0000000000
57.5094130039,2.4907500000,360.0000000000,0.0000000000
57.6094236374,2.4898125000,360.0000000000,0.0000000000
57.7094218731,2.4892500000,360.0000000000,0.0000000000
57.8095481396,2.4885000000,360.0000000000,0.0000000000
57.9094228745,2.4881250000,360.0000000000,0.0000000000
58.0095078945,2.4873750000,360.0000000000,0.0000000000
58.1095445156,2.4864375000,360.0000000000,0.0000000000
58.2094285488,2.4858750000,360.0000000000,0.0000000000
58.3094222546,2.4849375000,360.0000000000,0.0000000000
58.4094126225,2.4834375000,360.0000000000,0.0000000000
58.5094215870,2.4828750000,360.0000000000,0.0000000000
58.6094062328,2.4819375000,360.0000000000,0.0000000000
58.7094166279,2.4811875000,360.0000000000,0.0000000000
58.8094129562,2.4804375000,360.0000000000,0.0000000000
58.9095635414,2.4793125000,360.0000000000,0.0000000000
59.0095880032,2.4789375000,360.0000000000,0.0000000000
59.1094191074,2.4781875000,360.0000000000,0.0000000000
59.2094182968,2.4778125000,360.0000000000,0.0000000000
59.3094229698,2.4765000000,360.0000000000,0.0000000000
59.4094161987,2.4763125000,360.0000000000,0.0000000000
59.5096089840,2.4748125000,360.0000000000,0.0000000000
59.6094233990,2.4742500000,360.0000000000,0.0000000000
59.7094204426,2.4733125000,360.0000000000,0.0000000000
59.8095710278,2.4725625000,360.0000000000,0.0000000000
59.9095714092,2.4714375000,360.0000000000,0.0000000000
60.0095622540,2.4705000000,360.0000000000,0.0000000000
60.1095535755,2.4695625000,360.0000000000,0.0000000000
60.2095711231,2.4686250000,360.0000000000,0.0000000000
60.3094329834,2.4676875000,360.0000000000,0.0000000000
60.4094290733,2.4661875000,360.0000000000,0.0000000000
60.5094327927,2.4658125000,360.0000000000,0.0000000000
60.6093826294,2.4630000000,360.0000000000,0.0000000000
60.7094047070,2.4622500000,360.0000000000,0.0000000000
60.8093967438,2.4618750000,360.0000000000,0.0000000000
60.9093942642,2.4622500000,360.0000000000,0.0000000000
61.0095756054,2.4588750000,360.0000000000,0.0000000000
61.1094257832,2.4605625000,360.0000000000,0.0000000000
61.2094745636,2.4588750000,360.0000000000,0.0000000000
61.3094460964,2.4575625000,360.0000000000,0.0000000000
61.4094526768,2.4558750000,360.0000000000,0.0000000000
61.5095701218,2.4555000000,360.0000000000,0.0000000000
61.6094589233,2.4540000000,360.0000000000,0.0000000000
61.7094452381,2.4526875000,360.0000000000,0.0000000000
61.8095581532,2.4521250000,360.0000000000,0.0000000000
61.9094543457,2.4510000000,360.0000000000,0.0000000000
62.0094513893,2.4493125000,360.0000000000,0.0000000000
62.1095931530,2.4493125000,360.0000000000,0.0000000000
62.2094683647,2.4491250000,360.0000000000,0.0000000000
62.3094322681,2.4483750000,360.0000000000,0.0000000000
62.4094073772,2.4472500000,360.0000000000,0.0000000000
62.5095136166,2.4429375000,360.0000000000,0.0000000000
62.6094193459,2.4461250000,360.0000000000,0.0000000000
62.7095243931,2.4440625000,360.0000000000,0.0000000000
62.8095271587,2.4433125000,360.0000000000,0.0000000000
62.9095547199,2.4423750000,360.0000000000,0.0000000000
63.0095448494,2.4373125000,360.0000000000,0.0000000000
63.1095597744,2.4399375000,360.0000000000,0.0000000000
63.2094194889,2.4356250000,360.0000000000,0.0000000000
63.3095536232,2.4378750000,360.0000000000,0.0000000000
63.4095525742,2.4333750000,360.0000000000,0.0000000000
63.5095422268,2.4360000000,360.0000000000,0.0000000000
63.6095526218,2.4311250000,360.0000000000,0.0000000000
63.7094295025,2.4330000000,360.0000000000,0.0000000000
63.8095390797,2.4294375000,360.0000000000,0.0000000000
63.9094047546,2.4315000000,360.0000000000,0.0000000000
64.0095319748,2.4236250000,360.0000000000,0.0000000000
64.1094405651,2.4294375000,360.0000000000,0.0000000000
64.2094290257,2.4238125000,360.0000000000,0.0000000000
64.3094270229,2.4256875000,360.0000000000,0.0000000000
64.4094200134,2.4211875000,360.0000000000,0.0000000000
64.5094180107,2.4238125000,360.0000000000,0.0000000000
64.6094264984,2.4202500000,360.0000000000,0.0000000000
64.7094161510,2.4219375000,360.0000000000,0.0000000000
64.8094253540,2.4172500000,360.0000000000,0.0000000000
64.9094431400,2.4204375000,360.0000000000,0.0000000000
65.0094327927,2.4151875000,360.0000000000,0.0000000000
65.1094205379,2.4172500000,360.0000000000,0.0000000000
65.2094371319,2.4131250000,360.0000000000,0.0000000000
65.3094146252,2.4146250000,360.0000000000,0.0000000000
65.4094305038,2.4106875000,360.0000000000,0.0000000000
65.5095679760,2.4099375000,360.0000000000,0.0000000000
65.6094217300,2.4114375000,360.0000000000,0.0000000000
65.7094252110,2.4105000000,360.0000000000,0.0000000000
65.8094267845,2.4056250000,360.0000000000,0.0000000000
65.9094192982,2.4022500000,360.0000000000,0.0000000000
66.0094203949,2.4003750000,360.0000000000,0.0000000000
66.1094362736,2.3992500000,360.0000000000,0.0000000000
66.2094278336,2.3988750000,360.0000000000,0.0000000000
66.3094198704,2.3970000000,360.0000000000,0.0000000000
66.4094254971,2.3956875000,360.0000000000,0.0000000000
66.5094177723,2.3949375000,360.0000000000,0.0000000000
66.6094200611,2.3943750000,360.0000000000,0.0000000000
66.7094299793,2.3932500000,360.0000000000,0.0000000000
66.8094170094,2.3917500000,360.0000000000,0.0000000000
66.9094252586,2.3910000000,360.0000000000,0.0000000000
67.0095729828,2.3868750000,360.0000000000,0.0000000000
67.1095666885,2.3880000000,360.0000000000,0.0000000000
67.2094631195,2.3866875000,360.0000000000,0.0000000000
67.3094661236,2.3855625000,360.0000000000,0.0000000000
67.4094557762,2.3836875000,360.0000000000,0.0000000000
67.5094528198,2.3829375000,360.0000000000,0.0000000000
67.6094522476,2.3814375000,360.0000000000,0.0000000000
67.7094624043,2.3805000000,360.0000000000,0.0000000000
67.8094637394,2.3795625000,360.0000000000,0.0000000000
67.9094696045,2.3788125000,360.0000000000,0.0000000000
68.0094752312,2.3778750000,360.0000000000,0.0000000000
68.1096129417,2.3780625000,360.0000000000,0.0000000000
68.2094085217,2.3767500000,360.0000000000,0.0000000000
68.3094158173,2.3748750000,360.0000000000,0.0000000000
68.4095237255,2.3743125000,360.0000000000,0.0000000000
68.5095663071,2.3700000000,360.0000000000,0.0000000000
68.6094224453,2.3715000000,360.0000000000,0.0000000000
68.7094135284,2.3707500000,360.0000000000,0.0000000000
68.8094215393,2.3698125000,360.0000000000,0.0000000000
68.9095246792,2.3688750000,360.0000000000,0.0000000000
69.0095367432,2.3675625000,360.0000000000,0.0000000000
69.1095352173,2.3660625000,360.0000000000,0.0000000000
69.2095298767,2.3649375000,360.0000000000,0.0000000000
69.3095262051,2.3640000000,360.0000000000,0.0000000000
69.4095337391,2.3626875000,360.0000000000,0.0000000000
69.5095407963,2.3619375000,360.0000000000,0.0000000000
69.6094169617,2.3600625000,360.0000000000,0.0000000000
69.7095375061,2.3589375000,360.0000000000,0.0000000000
69.8095321655,2.3580000000,360.0000000000,0.0000000000
69.9094207287,2.3563125000,360.0000000000,0.0000000000
70.0096592903,2.3531250000,360.0000000000,0.0000000000
70.1094267368,2.3542500000,360.0000000000,0.0000000000
70.2094147205,2.3529375000,360.0000000000,0.0000000000
70.3095395565,2.3521875000,360.0000000000,0.0000000000
70.4094343185,2.3512500000,360.0000000000,0.0000000000
70.5095481873,2.3499375000,360.0000000000,0.0000000000
70.6094100475,2.3478750000,360.0000000000,0.0000000000
70.7094213963,2.3469375000,360.0000000000,0.0000000000
70.8094158173,2.3461875000,360.0000000000,0.0000000000
70.9094111919,2.3450625000,360.0000000000,0.0000000000
71.0094428062,2.3443125000,360.0000000000,0.0000000000
71.1095585823,2.3431875000,360.0000000000,0.0000000000
71.2094266415,2.3413125000,360.0000000000,0.0000000000
71.3094217777,2.3405625000,360.0000000000,0.0000000000
71.4094333649,2.3396250000,360.0000000000,0.0000000000
71.5096323490,2.3368125000,360.0000000000,0.0000000000
71.6094233990,2.3370000000,360.0000000000,0.0000000000
71.7094364166,2.3364375000,360.0000000000,0.0000000000
71.8094341755,2.3356875000,360.0000000000,0.0000000000
71.9094223976,2.3338125000,360.0000000000,0.0000000000
72.0094361305,2.3332500000,360.0000000000,0.0000000000
72.1095724106,2.3317500000,360.0000000000,0.0000000000
72.2094304562,2.3310000000,360.0000000000,0.0000000000
72.3094255924,2.3296875000,360.0000000000,0.0000000000
72.4095730782,2.3285625000,360.0000000000,0.0000000000
72.5094349384,2.3268750000,360.0000000000,0.0000000000
72.6095364094,2.3259375000,360.0000000000,0.0000000000
72.7094216347,2.3244375000,360.0000000000,0.0000000000
72.8094184399,2.3231250000,360.0000000000,0.0000000000
72.9094822407,2.3225625000,360.0000000000,0.0000000000
73.0095515251,2.3205000000,360.0000000000,0.0000000000
73.1094450951,2.3184375000,360.0000000000,0.0000000000
73.2094380856,2.3176875000,360.0000000000,0.0000000000
73.3094480038,2.3165625000,360.0000000000,0.0000000000
73.4094476700,2.3154375000,360.0000000000,0.0000000000
73.5094475746,2.3139375000,360.0000000000,0.0000000000
73.6094925404,2.3128125000,360.0000000000,0.0000000000
73.7096526623,2.3120625000,360.0000000000,0.0000000000
73.8095772266,2.3115000000,360.0000000000,0.0000000000
73.9094631672,2.3107500000,360.0000000000,0.0000000000
74.0094127655,2.3094375000,360.0000000000,0.0000000000
74.1094226837,2.3088750000,360.0000000000,0.0000000000
74.2094216347,2.3071875000,360.0000000000,0.0000000000
74.3094034195,2.3058750000,360.0000000000,0.0000000000
74.4095325470,2.3051250000,360.0000000000,0.0000000000
74.5094337463,2.3030625000,360.0000000000,0.0000000000
74.6095438004,2.3026875000,360.0000000000,0.0000000000
74.7094063759,2.3015625000,360.0000000000,0.0000000000
74.8094148636,2.3002500000,360.0000000000,0.0000000000
74.9094314575,2.2991250000,360.0000000000,0.0000000000
75.0094218254,2.2981875000,360.0000000000,0.0000000000
75.1095254421,2.2968750000,360.0000000000,0.0000000000
75.2095391750,2.2955625000,360.0000000000,0.0000000000
75.3095476627,2.2944375000,360.0000000000,0.0000000000
75.4095394611,2.2933125000,360.0000000000,0.0000000000
75.5094082355,2.2918125000,360.0000000000,0.0000000000
75.6094195843,2.2906875000,360.0000000000,0.0000000000
75.7094290257,2.2888125000,360.0000000000,0.0000000000
75.8094363213,2.2845000000,360.0000000000,0.0000000000
75.9094107151,2.2865625000,360.0000000000,0.0000000000
76.0095570087,2.2828125000,360.0000000000,0.0000000000
76.1094236374,2.2841250000,360.0000000000,0.0000000000
76.2095713615,2.2803750000,360.0000000000,0.0000000000
76.3095636368,2.2828125000,360.0000000000,0.0000000000
76.4095730782,2.2775625000,360.0000000000,0.0000000000
76.5094361305,2.2803750000,360.0000000000,0.0000000000
76.6094222069,2.2749375000,360.0000000000,0.0000000000
76.7094147205,2.2773750000,360.0000000000,0.0000000000
76.8094263077,2.2766250000,360.0000000000,0.0000000000
76.9094159603,2.2659375000,360.0000000000,0.0000000000
77.0095515251,2.2741875000,360.0000000000,0.0000000000
77.1094141006,2.2635000000,360.0000000000,0.0000000000
77.2094187737,2.2723125000,360.0000000000,0.0000000000
77.3094143867,2.2608750000,360.0000000000,0.0000000000
77.4094121456,2.2689375000,360.0000000000,0.0000000000
77.5095663071,2.2588125000,360.0000000000,0.0000000000
77.6094143391,2.2666875000,360.0000000000,0.0000000000
77.7094252110,2.2569375000,360.0000000000,0.0000000000
77.8094239235,2.2651875000,360.0000000000,0.0000000000
77.9094765186,2.2541250000,360.0000000000,0.0000000000
78.0095596313,2.2629375000,360.0000000000,0.0000000000
78.1095547676,2.2524375000,360.0000000000,0.0000000000
78.2095453739,2.2606875000,360.0000000000,0.0000000000
78.3094136715,2.2597500000,360.0000000000,0.0000000000
78.4094173908,2.2578750000,360.0000000000,0.0000000000
78.5095481873,2.2571250000,360.0000000000,0.0000000000
78.6094076633,2.2561875000,360.0000000000,0.0000000000
78.7094733715,2.2550625000,360.0000000000,0.0000000000
78.8094441891,2.2531875000,360.0000000000,0.0000000000
78.9094367027,2.2513125000,360.0000000000,0.0000000000
79.0094466209,2.2505625000,360.0000000000,0.0000000000
79.1094856262,2.2494375000,360.0000000000,0.0000000000
79.2094397545,2.2483125000,360.0000000000,0.0000000000
79.3095080853,2.2468125000,360.0000000000,0.0000000000
79.4094979763,2.2456875000,360.0000000000,0.0000000000
79.5094354153,2.2440000000,360.0000000000,0.0000000000
79.6094491482,2.2438125000,360.0000000000,0.0000000000
79.7094719410,2.2428750000,360.0000000000,0.0000000000
79.8094146252,2.2423125000,360.0000000000,0.0000000000
79.9094161987,2.2404375000,360.0000000000,0.0000000000
80.0093958378,2.2389375000,360.0000000000,0.0000000000
80.1094036102,2.2387500000,360.0000000000,0.0000000000
80.2094042301,2.2376250000,360.0000000000,0.0000000000
80.3095204830,2.2361250000,360.0000000000,0.0000000000
80.4094150066,2.2351875000,360.0000000000,0.0000000000
80.5094065666,2.2333125000,360.0000000000,0.0000000000
80.6094000340,2.2329375000,360.0000000000,0.0000000000
80.7095160484,2.2316250000,360.0000000000,0.0000000000
80.8093976974,2.2303125000,360.0000000000,0.0000000000
80.9094007015,2.2288125000,360.0000000000,0.0000000000
81.0094079971,2.2280625000,360.0000000000,0.0000000000
81.1093957424,2.2267500000,360.0000000000,0.0000000000
81.2095229626,2.2254375000,360.0000000000,0.0000000000
81.3094081879,2.2237500000,360.0000000000,0.0000000000
81.4094028473,2.2233750000,360.0000000000,0.0000000000
81.5093996525,2.2215000000,360.0000000000,0.0000000000
81.6094126701,2.2207500000,360.0000000000,0.0000000000
81.7095448971,2.2190625000,360.0000000000,0.0000000000
81.8094158173,2.2173750000,360.0000000000,0.0000000000
81.9095406532,2.2171875000,360.0000000000,0.0000000000
82.0094141960,2.2160625000,360.0000000000,0.0000000000
82.1094017029,2.2143750000,360.0000000000,0.0000000000
82.2094140053,2.2140000000,360.0000000000,0.0000000000
82.3093860149,2.2126875000,360.0000000000,0.0000000000
82.4094078541,2.2117500000,360.0000000000,0.0000000000
82.5094115734,2.2110000000,360.0000000000,0.0000000000
82.6094100475,2.2096875000,360.0000000000,0.0000000000
82.7094233036,2.2083750000,360.0000000000,0.0000000000
82.8094096184,2.2072500000,360.0000000000,0.0000000000
82.9094190598,2.2057500000,360.0000000000,0.0000000000
83.0094146729,2.2044375000,360.0000000000,0.0000000000
83.1094181538,2.2042500000,360.0000000000,0.0000000000
83.2094070911,2.2021875000,360.0000000000,0.0000000000
83.3094139099,2.2021875000,360.0000000000,0.0000000000
83.4094216824,2.2003125000,360.0000000000,0.0000000000
83.5094182491,2.1993750000,360.0000000000,0.0000000000
83.6094274521,2.1975000000,360.0000000000,0.0000000000
83.7094132900,2.1969375000,360.0000000000,0.0000000000
83.8094244003,2.1958125000,360.0000000000,0.0000000000
83.9094114304,2.1945000000,360.0000000000,0.0000000000
84.0094258785,2.1935625000,360.0000000000,0.0000000000
84.1094298363,2.1922500000,360.0000000000,0.0000000000
84.2094140053,2.1909375000,360.0000000000,0.0000000000
84.3097634315,2.1896250000,360.0000000000,0.0000000000
84.4094128609,2.1888750000,360.0000000000,0.0000000000
84.5094299316,2.1873750000,360.0000000000,0.0000000000
84.6095633507,2.1862500000,360.0000000000,0.0000000000
84.7095558643,2.1845625000,360.0000000000,0.0000000000
84.8094453812,2.1828750000,360.0000000000,0.0000000000
84.9094398022,2.1817500000,360.0000000000,0.0000000000
85.0094373226,2.1808125000,360.0000000000,0.0000000000
85.1094350815,2.1793125000,360.0000000000,0.0000000000
85.2094371319,2.1781875000,360.0000000000,0.0000000000
85.3094387054,2.1778125000,360.0000000000,0.0000000000
85.4094512463,2.1766875000,360.0000000000,0.0000000000
85.5094509125,2.1765000000,360.0000000000,0.0000000000
85.6094188690,2.1751875000,360.0000000000,0.0000000000
85.7094459534,2.1740625000,360.0000000000,0.0000000000
85.8094041348,2.1731250000,360.0000000000,0.0000000000
85.9094202518,2.1720000000,360.0000000000,0.0000000000
86.0094006062,2.1710625000,360.0000000000,0.0000000000
86.1095206738,2.1703125000,360.0000000000,0.0000000000
86.2094283104,2.1686250000,360.0000000000,0.0000000000
86.3094050884,2.1673125000,360.0000000000,0.0000000000
86.4094088078,2.1654375000,360.0000000000,0.0000000000
86.5095179081,2.1650625000,360.0000000000,0.0000000000
86.6094245911,2.1633750000,360.0000000000,0.0000000000
86.7094006538,2.1628125000,360.0000000000,0.0000000000
86.8094100952,2.1611250000,360.0000000000,0.0000000000
86.9093983173,2.1607500000,360.0000000000,0.0000000000
87.0093977451,2.1596250000,360.0000000000,0.0000000000
87.1095254421,2.1586875000,360.0000000000,0.0000000000
87.2094030380,2.1566250000,360.0000000000,0.0000000000
87.3094000816,2.1562500000,360.0000000000,0.0000000000
87.4095170498,2.1549375000,360.0000000000,0.0000000000
87.5094182491,2.1532500000,360.0000000000,0.0000000000
87.6094176769,2.1526875000,360.0000000000,0.0000000000
87.7094087601,2.1511875000,360.0000000000,0.0000000000
87.8095340729,2.1510000000,360.0000000000,0.0000000000
87.9093952179,2.1493125000,360.0000000000,0.0000000000
88.0094029903,2.1483750000,360.0000000000,0.0000000000
88.1094014645,2.1474375000,360.0000000000,0.0000000000
88.2094056606,2.1466875000,360.0000000000,0.0000000000
88.3093876839,2.1455625000,360.0000000000,0.0000000000
88.4094619751,2.1440625000,360.0000000000,0.0000000000
88.5094223022,2.1431250000,360.0000000000,0.0000000000
88.6094155312,2.1386250000,360.0000000000,0.0000000000
88.7094120979,2.1401250000,360.0000000000,0.0000000000
88.8094229698,2.1371250000,360.0000000000,0.0000000000
88.9094066620,2.1371250000,360.0000000000,0.0000000000
89.0094211102,2.1343125000,360.0000000000,0.0000000000
89.1095519066,2.1356250000,360.0000000000,0.0000000000
89.2094311714,2.1324375000,360.0000000000,0.0000000000
89.3094308376,2.1324375000,360.0000000000,0.0000000000
89.4094264507,2.1303750000,360.0000000000,0.0000000000
89.5094244480,2.1313125000,360.0000000000,0.0000000000
89.6094224453,2.1277500000,360.0000000000,0.0000000000
89.7094271183,2.1285000000,360.0000000000,0.0000000000
89.8094193935,2.1262500000,360.0000000000,0.0000000000
89.9094283581,2.1266250000,360.0000000000,0.0000000000
90.0094208717,2.1240000000,360.0000000000,0.0000000000
90.1094410419,2.1241875000,360.0000000000,0.0000000000
90.2094428539,2.1210000000,360.0000000000,0.0000000000
90.3094274998,2.1226875000,360.0000000000,0.0000000000
90.4094417095,2.1185625000,360.0000000000,0.0000000000
90.5095605850,2.1206250000,360.0000000000,0.0000000000
90.6094460487,2.1159375000,360.0000000000,0.0000000000
90.7094531059,2.1183750000,360.0000000000,0.0000000000
90.8094420433,2.1136875000,360.0000000000,0.0000000000
90.9094336033,2.1157500000,360.0000000000,0.0000000000
91.0095703602,2.1125625000,360.0000000000,0.0000000000
91.1094486713,2.1133125000,360.0000000000,0.0000000000
91.2094523907,2.1125625000,360.0000000000,0.0000000000
91.3094592094,2.1121875000,360.0000000000,0.0000000000
91.4094326496,2.1112500000,360.0000000000,0.0000000000
91.5094070435,2.1106875000,360.0000000000,0.0000000000
91.6095268726,2.1093750000,360.0000000000,0.0000000000
91.7094206810,2.1084375000,360.0000000000,0.0000000000
91.8094053268,2.1075000000,360.0000000000,0.0000000000
91.9094097614,2.1063750000,360.0000000000,0.0000000000
92.0094068050,2.1052500000,360.0000000000,0.0000000000
92.1094141006,2.1043125000,360.0000000000,0.0000000000
92.2094063759,2.1033750000,360.0000000000,0.0000000000
92.3094148636,2.1024375000,360.0000000000,0.0000000000
92.4094045162,2.1007500000,360.0000000000,0.0000000000
92.5094072819,2.1001875000,360.0000000000,0.0000000000
92.6094822884,2.0990625000,360.0000000000,0.0000000000
92.7094073296,2.0983125000,360.0000000000,0.0000000000
92.8094158173,2.0968125000,360.0000000000,0.0000000000
92.9094157219,2.0960625000,360.0000000000,0.0000000000
93.0093982220,2.0947500000,360.0000000000,0.0000000000
93.1095223427,2.0940000000,360.0000000000,0.0000000000
93.2095158100,2.0930625000,360.0000000000,0.0000000000
93.3093950748,2.0913750000,360.0000000000,0.0000000000
93.4094016552,2.0908125000,360.0000000000,0.0000000000
93.5094301701,2.0895000000,360.0000000000,0.0000000000
93.6094093323,2.0883750000,360.0000000000,0.0000000000
93.7093975544,2.0874375000,360.0000000000,0.0000000000
93.8095533848,2.0865000000,360.0000000000,0.0000000000
93.9094092846,2.0851875000,360.0000000000,0.0000000000
94.0094032288,2.0842500000,360.0000000000,0.0000000000
94.1094019413,2.0833125000,360.0000000000,0.0000000000
94.2094104290,2.0821875000,360.0000000000,0.0000000000
94.3094072342,2.0812500000,360.0000000000,0.0000000000
94.4095838070,2.0805000000,360.0000000000,0.0000000000
94.5095615387,2.0795625000,360.0000000000,0.0000000000
94.6094243526,2.0780625000,360.0000000000,0.0000000000
94.7094237804,2.0767500000,360.0000000000,0.0000000000
94.8094263077,2.0763750000,360.0000000000,0.0000000000
94.9094204903,2.0752500000,360.0000000000,0.0000000000
95.0094201565,2.0745000000,360.0000000000,0.0000000000
95.1094076633,2.0730000000,360.0000000000,0.0000000000
95.2094106674,2.0718750000,360.0000000000,0.0000000000
95.3094289303,2.0711250000,360.0000000000,0.0000000000
95.4094185829,2.0703750000,360.0000000000,0.0000000000
95.5094194412,2.0688750000,360.0000000000,0.0000000000
95.6094658375,2.0681250000,360.0000000000,0.0000000000
95.7094125748,2.0668125000,360.0000000000,0.0000000000
95.8094131947,2.0658750000,360.0000000000,0.0000000000
95.9094059467,2.0653125000,360.0000000000,0.0000000000
96.0094122887,2.0643750000,360.0000000000,0.0000000000
96.1094086170,2.0632500000,360.0000000000,0.0000000000
96.2094330788,2.0613750000,360.0000000000,0.0000000000
96.3094511032,2.0608125000,360.0000000000,0.0000000000
96.4094333649,2.0589375000,360.0000000000,0.0000000000
96.5094273090,2.0576250000,360.0000000000,0.0000000000
96.6094369888,2.0566875000,360.0000000000,0.0000000000
96.7094523907,2.0561250000,360.0000000000,0.0000000000
96.8094387054,2.0553750000,360.0000000000,0.0000000000
96.9094507694,2.0540625000,360.0000000000,0.0000000000
97.0095021725,2.0531250000,360.0000000000,0.0000000000
97.1095860004,2.0520000000,360.0000000000,0.0000000000
97.2094452381,2.0508750000,360.0000000000,0.0000000000
97.3095831871,2.0510625000,360.0000000000,0.0000000000
97.4095408916,2.0497500000,360.0000000000,0.0000000000
97.5094068050,2.0484375000,360.0000000000,0.0000000000
97.6094205379,2.0482500000,360.0000000000,0.0000000000
97.7093992233,2.0467500000,360.0000000000,0.0000000000
97.8094098568,2.0456250000,360.0000000000,0.0000000000
97.9094126225,2.0448750000,360.0000000000,0.0000000000
98.0094161034,2.0441250000,360.0000000000,0.0000000000
98.1094179153,2.0426250000,360.0000000000,0.0000000000
98.2095284462,2.0422500000,360.0000000000,0.0000000000
98.3094093800,2.0407500000,360.0000000000,0.0000000000
98.4094099998,2.0398125000,360.0000000000,0.0000000000
98.5094125271,2.0392500000,360.0000000000,0.0000000000
98.6094052792,2.0379375000,360.0000000000,0.0000000000
98.7095189095,2.0373750000,360.0000000000,0.0000000000
98.8095371723,2.0366250000,360.0000000000,0.0000000000
98.9094285965,2.0355000000,360.0000000000,0.0000000000
99.0093984604,2.0340000000,360.0000000000,0.0000000000
99.1094264984,2.0334375000,360.0000000000,0.0000000000
99.2094101906,2.0323125000,360.0000000000,0.0000000000
99.3095357418,2.0313750000,360.0000000000,0.0000000000
99.4093968868,2.0300625000,360.0000000000,0.0000000000
99.5095436573,2.0295000000,360.0000000000,0.0000000000
99.6095564365,2.0285625000,360.0000000000,0.0000000000
99.7093966007,2.0276250000,360.0000000000,0.0000000000
99.8094406128,2.0261250000,360.0000000000,0.0000000000
99.9094204903,2.0257500000,360.0000000000,0.0000000000
100.0094163418,2.0246250000,360.0000000000,0.0000000000
100.1095745564,2.0236875000,360.0000000000,0.0000000000
100.2094066143,2.0221875000,360.0000000000,0.0000000000
100.3095762730,2.0218125000,360.0000000000,0.0000000000
100.4095642567,2.0208750000,360.0000000000,0.0000000000
100.5094218254,2.0197500000,360.0000000000,0.0000000000
100.6094210148,2.0182500000,360.0000000000,0.0000000000
100.7096095085,2.0176875000,360.0000000000,0.0000000000
100.8094334602,2.0169375000,360.0000000000,0.0000000000
100.9094152451,2.0158125000,360.0000000000,0.0000000000
101.0094263554,2.0143125000,360.0000000000,0.0000000000
101.1094141006,2.0139375000,360.0000000000,0.0000000000
101.2094147205,2.0131875000,360.0000000000,0.0000000000
101.3094515800,2.0105625000,360.0000000000,0.0000000000
101.4094583988,2.0073750000,360.0000000000,0.0000000000
101.5094416142,2.0086875000,360.0000000000,0.0000000000
101.6094932556,2.0049375000,360.0000000000,0.0000000000
101.7096948624,2.0073750000,360.0000000000,0.0000000000
101.8096814156,2.0034375000,360.0000000000,0.0000000000
101.9096844196,2.0056875000,360.0000000000,0.0000000000
102.0096178055,2.0015625000,360.0000000000,0.0000000000
102.1094815731,2.0040000000,360.0000000000,0.0000000000
102.2094943523,2.0002500000,360.0000000000,0.0000000000
102.3095514774,2.0026875000,360.0000000000,0.0000000000
102.4093949795,1.9989375000,360.0000000000,0.0000000000
102.5094056129,2.0004375000,360.0000000000,0.0000000000
102.6094822884,1.9968750000,360.0000000000,0.0000000000
102.7094063759,1.9987500000,360.0000000000,0.0000000000
102.8095471859,1.9950000000,360.0000000000,0.0000000000
102.9094157219,1.9965000000,360.0000000000,0.0000000000
103.0095484257,1.9933125000,360.0000000000,0.0000000000
103.1094229221,1.9946250000,360.0000000000,0.0000000000
103.2095477581,1.9914375000,360.0000000000,0.0000000000
103.3095433712,1.9933125000,360.0000000000,0.0000000000
103.4095499516,1.9895625000,360.0000000000,0.0000000000
103.5095455647,1.9916250000,360.0000000000,0.0000000000
103.6094155312,1.9873125000,360.0000000000,0.0000000000
103.7095563412,1.9895625000,360.0000000000,0.0000000000
103.8094358444,1.9854375000,360.0000000000,0.0000000000
103.9094178677,1.9873125000,360.0000000000,0.0000000000
104.0094132423,1.9869375000,360.0000000000,0.0000000000
104.1094236374,1.9860000000,360.0000000000,0.0000000000
104.2094120979,1.9845000000,360.0000000000,0.0000000000
104.3095538616,1.9839375000,360.0000000000,0.0000000000
104.4094226360,1.9831875000,360.0000000000,0.0000000000
104.5094101429,1.9816875000,360.0000000000,0.0000000000
104.6094326973,1.9803750000,360.0000000000,0.0000000000
104.7095739841,1.9800000000,360.0000000000,0.0000000000
104.8094222546,1.9794375000,360.0000000000,0.0000000000
104.9094135761,1.9779375000,360.0000000000,0.0000000000
105.0094261169,1.9770000000,360.0000000000,0.0000000000
105.1094219685,1.9764375000,360.0000000000,0.0000000000
105.2094197273,1.9749375000,360.0000000000,0.0000000000
105.3094179630,1.9747500000,360.0000000000,0.0000000000
105.4094123840,1.9738125000,360.0000000000,0.0000000000
105.5094251633,1.9728750000,360.0000000000,0.0000000000
105.6094176769,1.9719375000,360.0000000000,0.0000000000
105.7094323635,1.9710000000,360.0000000000,0.0000000000
105.8094322681,1.9700625000,360.0000000000,0.0000000000
105.9094192982,1.9695000000,360.0000000000,0.0000000000
106.0094172955,1.9678125000,360.0000000000,0.0000000000
106.1094193459,1.9670625000,360.0000000000,0.0000000000
106.2094249725,1.9659375000,360.0000000000,0.0000000000
106.3094246387,1.9648125000,360.0000000000,0.0000000000
106.4095549583,1.9646250000,360.0000000000,0.0000000000
106.5095527172,1.9636875000,360.0000000000,0.0000000000
106.6094129086,1.9623750000,360.0000000000,0.0000000000
106.7095546722,1.9621875000,360.0000000000,0.0000000000
106.8095617294,1.9610625000,360.0000000000,0.0000000000
106.9094293118,1.9597500000,360.0000000000,0.0000000000
107.0095851421,1.9591875000,360.0000000000,0.0000000000
107.1094684601,1.9575000000,360.0000000000,0.0000000000
107.2095711231,1.9565625000,360.0000000000,0.0000000000
107.3094437122,1.9552500000,360.0000000000,0.0000000000
107.4094574451,1.9543125000,360.0000000000,0.0000000000
107.5094473362,1.9539375000,360.0000000000,0.0000000000
107.6094849110,1.9530000000,360.0000000000,0.0000000000
107.7094554901,1.9522500000,360.0000000000,0.0000000000
107.8094618320,1.9509375000,360.0000000000,0.0000000000
107.9095282555,1.9505625000,360.0000000000,0.0000000000
108.0094687939,1.9498125000,360.0000000000,0.0000000000
108.1094274521,1.9490625000,360.0000000000,0.0000000000
108.2095263004,1.9486875000,360.0000000000,0.0000000000
108.3094019890,1.9477500000,360.0000000000,0.0000000000
108.4094069004,1.9468125000,360.0000000000,0.0000000000
108.5095701218,1.9415625000,360.0000000000,0.0000000000
108.6094207764,1.9451250000,360.0000000000,0.0000000000
108.7094233036,1.9393125000,360.0000000000,0.0000000000
108.8094365597,1.9428750000,360.0000000000,0.0000000000
108.9094223976,1.9423125000,360.0000000000,0.0000000000
109.0094575882,1.9372500000,360.0000000000,0.0000000000
109.1095321178,1.9385625000,360.0000000000,0.0000000000
109.2095544338,1.9393125000,360.0000000000,0.0000000000
109.3095324039,1.9387500000,360.0000000000,0.0000000000
109.4095313549,1.9366875000,360.0000000000,0.0000000000
109.5094130039,1.9366875000,360.0000000000,0.0000000000
109.6095359325,1.9361250000,360.0000000000,0.0000000000
109.7095029354,1.9329375000,360.0000000000,0.0000000000
109.8095357418,1.9350000000,360.0000000000,0.0000000000
109.9095442295,1.9344375000,360.0000000000,0.0000000000
110.0094583035,1.9318125000,360.0000000000,0.0000000000
110.1095404625,1.9318125000,360.0000000000,0.0000000000
110.2095625401,1.9310625000,360.0000000000,0.0000000000
110.3094248772,1.9310625000,360.0000000000,0.0000000000
110.4097080231,1.9235625000,360.0000000000,0.0000000000
110.5094377995,1.9288125000,360.0000000000,0.0000000000
110.6093969345,1.9284375000,360.0000000000,0.0000000000
110.7093915939,1.9276875000,360.0000000000,0.0000000000
110.8093826771,1.9267500000,360.0000000000,0.0000000000
110.9094612598,1.9260000000,360.0000000000,0.0000000000
111.0094351768,1.9252500000,360.0000000000,0.0000000000
111.1094291210,1.9243125000,360.0000000000,0.0000000000
111.2094249725,1.9233750000,360.0000000000,0.0000000000
111.3094244003,1.9220625000,360.0000000000,0.0000000000
111.4094204903,1.9216875000,360.0000000000,0.0000000000
111.5094463825,1.9201875000,360.0000000000,0.0000000000
111.6094133854,1.9200000000,360.0000000000,0.0000000000
111.7094302177,1.9192500000,360.0000000000,0.0000000000
111.8094341755,1.9181250000,360.0000000000,0.0000000000
111.9094181061,1.9175625000,360.0000000000,0.0000000000
112.0094306469,1.9166250000,360.0000000000,0.0000000000
112.1094460487,1.9156875000,360.0000000000,0.0000000000
112.2095701694,1.9149375000,360.0000000000,0.0000000000
112.3094177246,1.9140000000,360.0000000000,0.0000000000
112.4094302654,1.9126875000,360.0000000000,0.0000000000
112.5094182491,1.9125000000,360.0000000000,0.0000000000
112.6094241142,1.9115625000,360.0000000000,0.0000000000
112.7094624043,1.9095000000,360.0000000000,0.0000000000
112.8095726967,1.9091250000,360.0000000000,0.0000000000
112.9094417095,1.9076250000,360.0000000000,0.0000000000
113.0094382763,1.9068750000,360.0000000000,0.0000000000
113.1095848083,1.9065000000,360.0000000000,0.0000000000
113.2094464302,1.9051875000,360.0000000000,0.0000000000
113.3094911575,1.9046250000,360.0000000000,0.0000000000
113.4095883369,1.9038750000,360.0000000000,0.0000000000
113.5094652176,1.9027500000,360.0000000000,0.0000000000
113.6094675064,1.9025625000,360.0000000000,0.0000000000
113.7094814777,1.9021875000,360.0000000000,0.0000000000
113.8094205856,1.9010625000,360.0000000000,0.0000000000
113.9094243050,1.9001250000,360.0000000000,0.0000000000
114.0094077587,1.8997500000,360.0000000000,0.0000000000
114.1094205379,1.8986250000,360.0000000000,0.0000000000
114.2095847130,1.8952500000,360.0000000000,0.0000000000
114.3094072342,1.8969375000,360.0000000000,0.0000000000
114.4095435143,1.8939375000,360.0000000000,0.0000000000
114.5094316006,1.8952500000,360.0000000000,0.0000000000
114.6094315052,1.8918750000,360.0000000000,0.0000000000
114.7095494270,1.8943125000,360.0000000000,0.0000000000
114.8094308376,1.8901875000,360.0000000000,0.0000000000
114.9095540047,1.8926250000,360.0000000000,0.0000000000
115.0095577240,1.8890625000,360.0000000000,0.0000000000
115.1094303131,1.8901875000,360.0000000000,0.0000000000
115.2094280720,1.8871875000,360.0000000000,0.0000000000
115.3094253540,1.8892500000,360.0000000000,0.0000000000
115.4094285965,1.8853125000,360.0000000000,0.0000000000
115.5094213486,1.8873750000,360.0000000000,0.0000000000
115.6095659733,1.8841875000,360.0000000000,0.0000000000
115.7095897198,1.8862500000,360.0000000000,0.0000000000
115.8096241951,1.8825000000,360.0000000000,0.0000000000
115.9094283581,1.8840000000,360.0000000000,0.0000000000
116.0094234943,1.8806250000,360.0000000000,0.0000000000
116.1094205379,1.8823125000,360.0000000000,0.0000000000
116.2094347477,1.8793125000,360.0000000000,0.0000000000
116.3095920086,1.8811875000,360.0000000000,0.0000000000
116.4094312191,1.8774375000,360.0000000000,0.0000000000
116.5095849037,1.8795000000,360.0000000000,0.0000000000
116.6094260216,1.8761250000,360.0000000000,0.0000000000
116.7094171047,1.8780000000,360.0000000000,0.0000000000
116.8094425201,1.8774375000,360.0000000000,0.0000000000
116.9094378948,1.8765000000,360.0000000000,0.0000000000
117.0094325542,1.8750000000,360.0000000000,0.0000000000
117.1094305515,1.8742500000,360.0000000000,0.0000000000
117.2094519138,1.8736875000,360.0000000000,0.0000000000
117.3094339371,1.8729375000,360.0000000000,0.0000000000
117.4094390869,1.8723750000,360.0000000000,0.0000000000
117.5094277859,1.8714375000,360.0000000000,0.0000000000
117.6094307899,1.8705000000,360.0000000000,0.0000000000
117.7094314098,1.8703125000,360.0000000000,0.0000000000
117.8094239235,1.8695625000,360.0000000000,0.0000000000
117.9094266891,1.8678750000,360.0000000000,0.0000000000
118.0094273090,1.8680625000,360.0000000000,0.0000000000
118.1094267368,1.8667500000,360.0000000000,0.0000000000
118.2094252110,1.8656250000,360.0000000000,0.0000000000
118.3094244003,1.8650625000,360.0000000000,0.0000000000
118.4094393253,1.8641250000,360.0000000000,0.0000000000
118.5094435215,1.8633750000,360.0000000000,0.0000000000
118.6094589233,1.8624375000,360.0000000000,0.0000000000
118.7094492912,1.8609375000,360.0000000000,0.0000000000
118.8094508648,1.8603750000,360.0000000000,0.0000000000
118.9095687866,1.8601875000,360.0000000000,0.0000000000
119.0096156597,1.8592500000,360.0000000000,0.0000000000
119.1095807552,1.8586875000,360.0000000000,0.0000000000
119.2094607353,1.8579375000,360.0000000000,0.0000000000
119.3096122742,1.8571875000,360.0000000000,0.0000000000
119.4095876217,1.8562500000,360.0000000000,0.0000000000
119.5094714165,1.8551250000,360.0000000000,0.0000000000
119.6096842289,1.8553125000,360.0000000000,0.0000000000
119.7096705437,1.8545625000,360.0000000000,0.0000000000
119.8096001148,1.8538125000,360.0000000000,0.0000000000
119.9094204903,1.8532500000,360.0000000000,0.0000000000
120.0095522404,1.8525000000,360.0000000000,0.0000000000
120.1094243526,1.8519375000,360.0000000000,0.0000000000
120.2098085880,1.8538125000,360.0000000000,0.0000000000
120.3094079494,1.8498750000,360.0000000000,0.0000000000
120.4095480442,1.8498750000,360.0000000000,0.0000000000
120.5094299316,1.8481875000,360.0000000000,0.0000000000
120.6095502377,1.8480000000,360.0000000000,0.0000000000
120.7094125748,1.8472500000,360.0000000000,0.0000000000
120.8094146252,1.8465000000,360.0000000000,0.0000000000
120.9095437527,1.8459375000,360.0000000000,0.0000000000
121.0094158649,1.8450000000,360.0000000000,0.0000000000
121.1094210148,1.8438750000,360.0000000000,0.0000000000
121.2095422745,1.8436875000,360.0000000000,0.0000000000
121.3094093800,1.8429375000,360.0000000000,0.0000000000
121.4094085693,1.8418125000,360.0000000000,0.0000000000
121.5094275475,1.8416250000,360.0000000000,0.0000000000
121.6094167233,1.8403125000,360.0000000000,0.0000000000
121.7094357014,1.8401250000,360.0000000000,0.0000000000
121.8094224930,1.8388125000,360.0000000000,0.0000000000
121.9095358849,1.8384375000,360.0000000000,0.0000000000
122.0094194412,1.8373125000,360.0000000000,0.0000000000
122.1097671986,1.8367500000,360.0000000000,0.0000000000
122.2094113827,1.8356250000,360.0000000000,0.0000000000
122.3095860481,1.8354375000,360.0000000000,0.0000000000
122.4094097614,1.8343125000,360.0000000000,0.0000000000
122.5094158649,1.8339375000,360.0000000000,0.0000000000
122.6094279289,1.8328125000,360.0000000000,0.0000000000
122.7094120979,1.8322500000,360.0000000000,0.0000000000
122.8094160557,1.8313125000,360.0000000000,0.0000000000
122.9094166756,1.8303750000,360.0000000000,0.0000000000
123.0094230175,1.8301875000,360.0000000000,0.0000000000
123.1094300747,1.8294375000,360.0000000000,0.0000000000
123.2094144821,1.8288750000,360.0000000000,0.0000000000
123.3094277382,1.8279375000,360.0000000000,0.0000000000
123.4094142914,1.8275625000,360.0000000000,0.0000000000
123.5094234943,1.8266250000,360.0000000000,0.0000000000
123.6094279289,1.8258750000,360.0000000000,0.0000000000
123.7094326019,1.8253125000,360.0000000000,0.0000000000
123.8094382286,1.8240000000,360.0000000000,0.0000000000
123.9094302654,1.8232500000,360.0000000000,0.0000000000
124.0094220638,1.8230625000,360.0000000000,0.0000000000
124.1094374657,1.8221250000,360.0000000000,0.0000000000
124.2094213963,1.8211875000,360.0000000000,0.0000000000
124.3094334602,1.8206250000,360.0000000000,0.0000000000
124.4094238281,1.8202500000,360.0000000000,0.0000000000
124.5094583035,1.8187500000,360.0000000000,0.0000000000
124.6094682217,1.8178125000,360.0000000000,0.0000000000
124.7094442844,1.8166875000,360.0000000000,0.0000000000
124.8094425201,1.8159375000,360.0000000000,0.0000000000
124.9094562531,1.8153750000,360.0000000000,0.0000000000
125.0094482899,1.8144375000,360.0000000000,0.0000000000
125.1094479561,1.8140625000,360.0000000000,0.0000000000
125.2094614506,1.8133125000,360.0000000000,0.0000000000
125.3094573021,1.8125625000,360.0000000000,0.0000000000
125.4094550610,1.8120000000,360.0000000000,0.0000000000
125.5094921589,1.8121875000,360.0000000000,0.0000000000
125.6094632149,1.8110625000,360.0000000000,0.0000000000
125.7094116211,1.8103125000,360.0000000000,0.0000000000
125.8094105721,1.8105000000,360.0000000000,0.0000000000
125.9094381332,1.8091875000,360.0000000000,0.0000000000
126.0094208717,1.8084375000,360.0000000000,0.0000000000
126.1094303131,1.8084375000,360.0000000000,0.0000000000
126.2094442844,1.8071250000,360.0000000000,0.0000000000
126.3094196320,1.8065625000,360.0000000000,0.0000000000
126.4095363617,1.8061875000,360.0000000000,0.0000000000
126.5095434189,1.8056250000,360.0000000000,0.0000000000
126.6094207764,1.8043125000,360.0000000000,0.0000000000
126.7094075680,1.8033750000,360.0000000000,0.0000000000
126.8094296455,1.8030000000,360.0000000000,0.0000000000
126.9094460011,1.8018750000,360.0000000000,0.0000000000
127.0094456673,1.7988750000,360.0000000000,0.0000000000
127.1096577644,1.8011250000,360.0000000000,0.0000000000
127.2096569538,1.7977500000,360.0000000000,0.0000000000
127.3096275330,1.7998125000,360.0000000000,0.0000000000
127.4096519947,1.7964375000,360.0000000000,0.0000000000
127.5096526146,1.7983125000,360.0000000000,0.0000000000
127.6096494198,1.7949375000,360.0000000000,0.0000000000
127.7095937729,1.7971875000,360.0000000000,0.0000000000
127.8094222546,1.7934375000,360.0000000000,0.0000000000
127.9095621109,1.7955000000,360.0000000000,0.0000000000
128.0098254681,1.7962500000,360.0000000000,0.0000000000
128.1094303131,1.7936250000,360.0000000000,0.0000000000
128.2094271183,1.7906250000,360.0000000000,0.0000000000
128.3094418049,1.7926875000,360.0000000000,0.0000000000
128.4095861912,1.7895000000,360.0000000000,0.0000000000
128.5094394684,1.7911875000,360.0000000000,0.0000000000
128.6094455719,1.7878125000,360.0000000000,0.0000000000
128.7095067501,1.7898750000,360.0000000000,0.0000000000
128.8094136715,1.7865000000,360.0000000000,0.0000000000
128.9093892574,1.7885625000,360.0000000000,0.0000000000
129.0094389915,1.7855625000,360.0000000000,0.0000000000
129.1094269753,1.7872500000,360.0000000000,0.0000000000
129.2094542980,1.7840625000,360.0000000000,0.0000000000
129.3094196320,1.7859375000,360.0000000000,0.0000000000
129.4094436169,1.7827500000,360.0000000000,0.0000000000
129.5094292164,1.7846250000,360.0000000000,0.0000000000
129.6094255447,1.7835000000,360.0000000000,0.0000000000
129.7094233036,1.7836875000,360.0000000000,0.0000000000
129.8094241619,1.7829375000,360.0000000000,0.0000000000
129.9094583988,1.7816250000,360.0000000000,0.0000000000
130.0094153881,1.7818125000,360.0000000000,0.0000000000
130.1094431877,1.7805000000,360.0000000000,0.0000000000
130.2094278336,1.7801250000,360.0000000000,0.0000000000
130.3094267845,1.7790000000,360.0000000000,0.0000000000
130.4094116688,1.7790000000,360.0000000000,0.0000000000
130.5095777512,1.7780625000,360.0000000000,0.0000000000
130.6095628738,1.7769375000,360.0000000000,0.0000000000
130.7095782757,1.7761875000,360.0000000000,0.0000000000
130.8094446659,1.7752500000,360.0000000000,0.0000000000
130.9094493389,1.7746875000,360.0000000000,0.0000000000
131.0095663071,1.7741250000,360.0000000000,0.0000000000
131.1094441414,1.7730000000,360.0000000000,0.0000000000
131.2095630169,1.7730000000,360.0000000000,0.0000000000
131.3095719814,1.7718750000,360.0000000000,0.0000000000
131.4094679356,1.7709375000,360.0000000000,0.0000000000
131.5096039772,1.7715000000,360.0000000000,0.0000000000
131.6094920635,1.7705625000,360.0000000000,0.0000000000
131.7095241547,1.7701875000,360.0000000000,0.0000000000
131.8094127178,1.7690625000,360.0000000000,0.0000000000
131.9094207287,1.7690625000,360.0000000000,0.0000000000
132.0094151497,1.7683125000,360.0000000000,0.0000000000
132.1094179153,1.7679375000,360.0000000000,0.0000000000
132.2093980312,1.7668125000,360.0000000000,0.0000000000
132.3094208241,1.7666250000,360.0000000000,0.0000000000
132.4094240665,1.7656875000,360.0000000000,0.0000000000
132.5094182491,1.7649375000,360.0000000000,0.0000000000
132.6095383167,1.7649375000,360.0000000000,0.0000000000
132.7094087601,1.7638125000,360.0000000000,0.0000000000
132.8094155788,1.7634375000,360.0000000000,0.0000000000
132.9095389843,1.7625000000,360.0000000000,0.0000000000
133.0094115734,1.7621250000,360.0000000000,0.0000000000
133.1094098091,1.7610000000,360.0000000000,0.0000000000
133.2093954086,1.7608125000,360.0000000000,0.0000000000
133.3095273972,1.7602500000,360.0000000000,0.0000000000
133.4094028473,1.7591250000,360.0000000000,0.0000000000
133.5093998909,1.7583750000,360.0000000000,0.0000000000
133.6094267368,1.7576250000,360.0000000000,0.0000000000
133.7094423771,1.7574375000,360.0000000000,0.0000000000
133.8094170094,1.7572500000,360.0000000000,0.0000000000
133.9093785286,1.7565000000,360.0000000000,0.0000000000
134.0094277859,1.7553750000,360.0000000000,0.0000000000
134.1095776558,1.7550000000,360.0000000000,0.0000000000
134.2095456123,1.7546250000,360.0000000000,0.0000000000
134.3094110489,1.7535000000,360.0000000000,0.0000000000
134.4095532894,1.7533125000,360.0000000000,0.0000000000
134.5095696449,1.7527500000,360.0000000000,0.0000000000
134.6094214916,1.7518125000,360.0000000000,0.0000000000
134.7095696926,1.7510625000,360.0000000000,0.0000000000
134.8094260693,1.7510625000,360.0000000000,0.0000000000
134.9094166756,1.7505000000,360.0000000000,0.0000000000
135.0095555782,1.7499375000,360.0000000000,0.0000000000
135.1094186306,1.7491875000,360.0000000000,0.0000000000
135.2094092369,1.7482500000,360.0000000000,0.0000000000
135.3094213009,1.7480625000,360.0000000000,0.0000000000
135.4094109535,1.7471250000,360.0000000000,0.0000000000
135.5094113350,1.7469375000,360.0000000000,0.0000000000
135.6094079018,1.7454375000,360.0000000000,0.0000000000
135.7095324993,1.7452500000,360.0000000000,0.0000000000
135.8094222546,1.7441250000,360.0000000000,0.0000000000
135.9094228745,1.7433750000,360.0000000000,0.0000000000
136.0094051361,1.7433750000,360.0000000000,0.0000000000
136.1094167233,1.7424375000,360.0000000000,0.0000000000
136.2094123363,1.7422500000,360.0000000000,0.0000000000
136.3094241619,1.7415000000,360.0000000000,0.0000000000
136.4094228745,1.7409375000,360.0000000000,0.0000000000
136.5094103813,1.7405625000,360.0000000000,0.0000000000
136.6094579697,1.7398125000,360.0000000000,0.0000000000
136.7094399929,1.7379375000,360.0000000000,0.0000000000
136.8094246387,1.7375625000,360.0000000000,0.0000000000
136.9095766544,1.7371875000,360.0000000000,0.0000000000
137.0095558167,1.7366250000,360.0000000000,0.0000000000
137.1094431877,1.7358750000,360.0000000000,0.0000000000
137.2094321251,1.7353125000,360.0000000000,0.0000000000
137.3094468117,1.7345625000,360.0000000000,0.0000000000
137.4094536304,1.7345625000,360.0000000000,0.0000000000
137.5094540119,1.7340000000,360.0000000000,0.0000000000
137.6094555855,1.7340000000,360.0000000000,0.0000000000
137.7095489502,1.7334375000,360.0000000000,0.0000000000
137.8095250130,1.7326875000,360.0000000000,0.0000000000
137.9095273018,1.7321250000,360.0000000000,0.0000000000
138.0095338821,1.7317500000,360.0000000000,0.0000000000
138.1094067097,1.7310000000,360.0000000000,0.0000000000
138.2094054222,1.7298750000,360.0000000000,0.0000000000
138.3094036579,1.7295000000,360.0000000000,0.0000000000
138.4095396996,1.7293125000,360.0000000000,0.0000000000
138.5094008446,1.7287500000,360.0000000000,0.0000000000
138.6095335484,1.7280000000,360.0000000000,0.0000000000
138.7094132900,1.7276250000,360.0000000000,0.0000000000
138.8095321655,1.7270625000,360.0000000000,0.0000000000
138.9094119072,1.7257500000,360.0000000000,0.0000000000
139.0095679760,1.7257500000,360.0000000000,0.0000000000
139.1094098091,1.7248125000,360.0000000000,0.0000000000
139.2094075680,1.7242500000,360.0000000000,0.0000000000
139.3094162941,1.7238750000,360.0000000000,0.0000000000
139.4095265865,1.7235000000,360.0000000000,0.0000000000
139.5094292164,1.7227500000,360.0000000000,0.0000000000
139.6094119549,1.7221875000,360.0000000000,0.0000000000
139.7094104290,1.7210625000,360.0000000000,0.0000000000
139.8094344139,1.7188125000,360.0000000000,0.0000000000
139.9094102383,1.7203125000,360.0000000000,0.0000000000
140.0095751286,1.7175000000,360.0000000000,0.0000000000
140.1095616817,1.7195625000,360.0000000000,0.0000000000
140.2094149590,1.7158125000,360.0000000000,0.0000000000
140.3095557690,1.7180625000,360.0000000000,0.0000000000
140.4094488621,1.7152500000,360.0000000000,0.0000000000
140.5094079971,1.7163750000,360.0000000000,0.0000000000
140.6095931530,1.7137500000,360.0000000000,0.0000000000
140.7094273567,1.7154375000,360.0000000000,0.0000000000
140.8094301224,1.7122500000,360.0000000000,0.0000000000
140.9094250202,1.7139375000,360.0000000000,0.0000000000
141.0094296932,1.7115000000,360.0000000000,0.0000000000
141.1094255447,1.7133750000,360.0000000000,0.0000000000
141.2094082832,1.7103750000,360.0000000000,0.0000000000
141.3094267845,1.7120625000,360.0000000000,0.0000000000
141.4094457626,1.7096250000,360.0000000000,0.0000000000
141.5094273090,1.7109375000,360.0000000000,0.0000000000
141.6094300747,1.7081250000,360.0000000000,0.0000000000
141.7094163895,1.7101875000,360.0000000000,0.0000000000
141.8094253540,1.7068125000,360.0000000000,0.0000000000
141.9094219208,1.7085000000,360.0000000000,0.0000000000
142.0094370842,1.7062500000,360.0000000000,0.0000000000
142.1094388962,1.7079375000,360.0000000000,0.0000000000
142.2094774246,1.7051250000,360.0000000000,0.0000000000
142.3094251156,1.7064375000,360.0000000000,0.0000000000
142.4094121456,1.7060625000,360.0000000000,0.0000000000
142.5094511509,1.7062500000,360.0000000000,0.0000000000
142.6094286442,1.7055000000,360.0000000000,0.0000000000
142.7094445229,1.7041875000,360.0000000000,0.0000000000
142.8095755577,1.7038125000,360.0000000000,0.0000000000
142.9095554352,1.7030625000,360.0000000000,0.0000000000
143.0095760822,1.7025000000,360.0000000000,0.0000000000
143.1094546318,1.7019375000,360.0000000000,0.0000000000
143.2094411850,1.7010000000,360.0000000000,0.0000000000
143.3094692230,1.7008125000,360.0000000000,0.0000000000
143.4094953537,1.7002500000,360.0000000000,0.0000000000
143.5094790459,1.6987500000,360.0000000000,0.0000000000
143.6096119881,1.6995000000,360.0000000000,0.0000000000
143.7095975876,1.6995000000,360.0000000000,0.0000000000
143.8095459938,1.6989375000,360.0000000000,0.0000000000
143.9094228745,1.6978125000,360.0000000000,0.0000000000
144.0094292164,1.6976250000,360.0000000000,0.0000000000
144.1094102859,1.6968750000,360.0000000000,0.0000000000
144.2095136642,1.6966875000,360.0000000000,0.0000000000
144.3094217777,1.6957500000,360.0000000000,0.0000000000
144.4095268250,1.6955625000,360.0000000000,0.0000000000
144.5095400810,1.6950000000,360.0000000000,0.0000000000
144.6094131470,1.6938750000,360.0000000000,0.0000000000
144.7094156742,1.6938750000,360.0000000000,0.0000000000
144.8094220161,1.6935000000,360.0000000000,0.0000000000
144.9094130993,1.6929375000,360.0000000000,0.0000000000
145.0095236301,1.6925625000,360.0000000000,0.0000000000
145.1094284058,1.6912500000,360.0000000000,0.0000000000
145.2094433308,1.6914375000,360.0000000000,0.0000000000
145.3095486164,1.6908750000,360.0000000000,0.0000000000
145.4094204903,1.6901250000,360.0000000000,0.0000000000
145.5095469952,1.6899375000,360.0000000000,0.0000000000
145.6094188690,1.6891875000,360.0000000000,0.0000000000
145.7095384598,1.6886250000,360.0000000000,0.0000000000
145.8094353676,1.6882500000,360.0000000000,0.0000000000
145.9094309807,1.6876875000,360.0000000000,0.0000000000
146.0094134808,1.6871250000,360.0000000000,0.0000000000
146.1095514297,1.6867500000,360.0000000000,0.0000000000
146.2095561028,1.6863750000,360.0000000000,0.0000000000
146.3094096184,1.6852500000,360.0000000000,0.0000000000
146.4095518589,1.6852500000,360.0000000000,0.0000000000
146.5095608234,1.6848750000,360.0000000000,0.0000000000
146.6094284058,1.6835625000,360.0000000000,0.0000000000
146.7094163895,1.6828125000,360.0000000000,0.0000000000
146.8095841408,1.6830000000,360.0000000000,0.0000000000
146.9094283581,1.6824375000,360.0000000000,0.0000000000
147.0094230175,1.6816875000,360.0000000000,0.0000000000
147.1094174385,1.6813125000,360.0000000000,0.0000000000
147.2094304562,1.6807500000,360.0000000000,0.0000000000
147.3094155788,1.6800000000,360.0000000000,0.0000000000
147.4095730782,1.6798125000,360.0000000000,0.0000000000
147.5094137192,1.6790625000,360.0000000000,0.0000000000
147.6094186306,1.6781250000,360.0000000000,0.0000000000
147.7094089985,1.6785000000,360.0000000000,0.0000000000
147.8094120026,1.6777500000,360.0000000000,0.0000000000
147.9094297886,1.6770000000,360.0000000000,0.0000000000
148.0094153881,1.6760625000,360.0000000000,0.0000000000
148.1094336510,1.6755000000,360.0000000000,0.0000000000
148.2094147205,1.6753125000,360.0000000000,0.0000000000
148.3094215393,1.6747500000,360.0000000000,0.0000000000
148.4094271660,1.6745625000,360.0000000000,0.0000000000
148.5094306469,1.6736250000,360.0000000000,0.0000000000
148.6094172001,1.6736250000,360.0000000000,0.0000000000
148.7094213963,1.6726875000,360.0000000000,0.0000000000
148.8094432354,1.6719375000,360.0000000000,0.0000000000
148.9094521999,1.6708125000,360.0000000000,0.0000000000
149.0094566345,1.6702500000,360.0000000000,0.0000000000
149.1095666885,1.6704375000,360.0000000000,0.0000000000
149.2095651627,1.6698750000,360.0000000000,0.0000000000
149.3095710278,1.6691250000,360.0000000000,0.0000000000
149.4094407558,1.6683750000,360.0000000000,0.0000000000
149.5095880032,1.6681875000,360.0000000000,0.0000000000
149.6094436646,1.6674375000,360.0000000000,0.0000000000
149.7094633579,1.6668750000,360.0000000000,0.0000000000
149.8094615936,1.6674375000,360.0000000000,0.0000000000
149.9094347954,1.6668750000,360.0000000000,0.0000000000
150.0094208717,1.6666875000,360.0000000000,0.0000000000
150.1095182896,1.6661250000,360.0000000000,0.0000000000
150.2095236778,1.6657500000,360.0000000000,0.0000000000
150.3094201088,1.6650000000,360.0000000000,0.0000000000
150.4094069004,1.6642500000,360.0000000000,0.0000000000
150.5094070435,1.6640625000,360.0000000000,0.0000000000
150.6095387936,1.6636875000,360.0000000000,0.0000000000
150.7094049454,1.6633125000,360.0000000000,0.0000000000
150.8095390797,1.6627500000,360.0000000000,0.0000000000
150.9094147682,1.6623750000,360.0000000000,0.0000000000
151.0095412731,1.6620000000,360.0000000000,0.0000000000
151.1094119549,1.6606875000,360.0000000000,0.0000000000
151.2095410824,1.6608750000,360.0000000000,0.0000000000
151.3094167709,1.6605000000,360.0000000000,0.0000000000
151.4094088078,1.6595625000,360.0000000000,0.0000000000
151.5094258785,1.6593750000,360.0000000000,0.0000000000
151.6094241142,1.6586250000,360.0000000000,0.0000000000
151.7094314098,1.6584375000,360.0000000000,0.0000000000
151.8094146252,1.6576875000,360.0000000000,0.0000000000
151.9094119072,1.6573125000,360.0000000000,0.0000000000
152.0094232559,1.6563750000,360.0000000000,0.0000000000
152.1094188690,1.6560000000,360.0000000000,0.0000000000
152.2094259262,1.6552500000,360.0000000000,0.0000000000
152.3094122410,1.6548750000,360.0000000000,0.0000000000
152.4094150066,1.6543125000,360.0000000000,0.0000000000
152.5094218254,1.6537500000,360.0000000000,0.0000000000
152.6094009876,1.6513125000,360.0000000000,0.0000000000
152.7093975544,1.6531875000,360.0000000000,0.0000000000
152.8093988895,1.6503750000,360.0000000000,0.0000000000
152.9094533920,1.6520625000,360.0000000000,0.0000000000
153.0094490051,1.6494375000,360.0000000000,0.0000000000
153.1094155312,1.6507500000,360.0000000000,0.0000000000
153.2095704079,1.6483125000,360.0000000000,0.0000000000
153.3094429970,1.6501875000,360.0000000000,0.0000000000
153.4094343185,1.6475625000,360.0000000000,0.0000000000
153.5094089508,1.6486875000,360.0000000000,0.0000000000
153.6094233990,1.6466250000,360.0000000000,0.0000000000
153.7094357014,1.6483125000,360.0000000000,0.0000000000
153.8094379902,1.6453125000,360.0000000000,0.0000000000
153.9094364643,1.6471875000,360.0000000000,0.0000000000
154.0094418526,1.6441875000,360.0000000000,0.0000000000
154.1094286442,1.6458750000,360.0000000000,0.0000000000
154.2094426155,1.6434375000,360.0000000000,0.0000000000
154.3094279766,1.6453125000,360.0000000000,0.0000000000
154.4094281197,1.6425000000,360.0000000000,0.0000000000
154.5094137192,1.6445625000,360.0000000000,0.0000000000
154.6094300747,1.6419375000,360.0000000000,0.0000000000
154.7094230652,1.6436250000,360.0000000000,0.0000000000
154.8094716072,1.6410000000,360.0000000000,0.0000000000
154.9096572399,1.6310625000,360.0000000000,0.0000000000
155.0094480515,1.6413750000,360.0000000000,0.0000000000
155.1094470024,1.6408125000,360.0000000000,0.0000000000
155.2095026970,1.6408125000,360.0000000000,0.0000000000
155.3094749451,1.6404375000,360.0000000000,0.0000000000
155.4094293118,1.6396875000,360.0000000000,0.0000000000
155.5094609261,1.6393125000,360.0000000000,0.0000000000
155.6094570160,1.6396875000,360.0000000000,0.0000000000
155.7094764709,1.6395000000,360.0000000000,0.0000000000
155.8094484806,1.6387500000,360.0000000000,0.0000000000
155.9094085693,1.6381875000,360.0000000000,0.0000000000
156.0094139576,1.6378125000,360.0000000000,0.0000000000
156.1094081402,1.6374375000,360.0000000000,0.0000000000
156.2094099522,1.6366875000,360.0000000000,0.0000000000
156.3094084263,1.6363125000,360.0000000000,0.0000000000
156.4094023705,1.6357500000,360.0000000000,0.0000000000
156.5094001293,1.6357500000,360.0000000000,0.0000000000
156.6094098091,1.6348125000,360.0000000000,0.0000000000
156.7095365524,1.6348125000,360.0000000000,0.0000000000
156.8095321655,1.6342500000,360.0000000000,0.0000000000
156.9095358849,1.6336875000,360.0000000000,0.0000000000
157.0095276833,1.6335000000,360.0000000000,0.0000000000
157.1093983650,1.6325625000,360.0000000000,0.0000000000
157.2095532417,1.6323750000,360.0000000000,0.0000000000
157.3094196320,1.6316250000,360.0000000000,0.0000000000
157.4094920158,1.6316250000,360.0000000000,0.0000000000
157.5094070435,1.6310625000,360.0000000000,0.0000000000
157.6094639301,1.6308750000,360.0000000000,0.0000000000
157.7094712257,1.6303125000,360.0000000000,0.0000000000
157.8094274998,1.6293750000,360.0000000000,0.0000000000
157.9094200134,1.6290000000,360.0000000000,0.0000000000
158.0094089508,1.6286250000,360.0000000000,0.0000000000
158.1093857288,1.6286250000,360.0000000000,0.0000000000
158.2093999386,1.6282500000,360.0000000000,0.0000000000
158.3095564842,1.6276875000,360.0000000000,0.0000000000
158.4094090462,1.6265625000,360.0000000000,0.0000000000
158.5094165802,1.6261875000,360.0000000000,0.0000000000
158.6094317436,1.6258125000,360.0000000000,0.0000000000
158.7094104290,1.6254375000,360.0000000000,0.0000000000
158.8095653057,1.6254375000,360.0000000000,0.0000000000
158.9094059467,1.6246875000,360.0000000000,0.0000000000
159.0094115734,1.6243125000,360.0000000000,0.0000000000
159.1095633507,1.6241250000,360.0000000000,0.0000000000
159.2094368935,1.6237500000,360.0000000000,0.0000000000
159.3094320297,1.6231875000,360.0000000000,0.0000000000
159.4094290733,1.6228125000,360.0000000000,0.0000000000
159.5094432831,1.6224375000,360.0000000000,0.0000000000
159.6094272137,1.6215000000,360.0000000000,0.0000000000
159.7094545364,1.6215000000,360.0000000000,0.0000000000
159.8094134331,1.6209375000,360.0000000000,0.0000000000
159.9097619057,1.6203750000,360.0000000000,0.0000000000
160.0094215870,1.6201875000,360.0000000000,0.0000000000
160.1094324589,1.6194375000,360.0000000000,0.0000000000
160.2094364166,1.6192500000,360.0000000000,0.0000000000
160.3094248772,1.6185000000,360.0000000000,0.0000000000
160.4094171524,1.6181250000,360.0000000000,0.0000000000
160.5094344616,1.6181250000,360.0000000000,0.0000000000
160.6094374657,1.6173750000,360.0000000000,0.0000000000
160.7094385624,1.6164375000,360.0000000000,0.0000000000
160.8094518185,1.6158750000,360.0000000000,0.0000000000
160.9094409943,1.6158750000,360.0000000000,0.0000000000
161.0094492435,1.6153125000,360.0000000000,0.0000000000
161.1094915867,1.6149375000,360.0000000000,0.0000000000
161.2094545364,1.6145625000,360.0000000000,0.0000000000
161.3094420433,1.6138125000,360.0000000000,0.0000000000
161.4094910622,1.6136250000,360.0000000000,0.0000000000
161.5094659328,1.6132500000,360.0000000000,0.0000000000
161.6094686985,1.6130625000,360.0000000000,0.0000000000
161.7094836235,1.6128750000,360.0000000000,0.0000000000
161.8095450401,1.6128750000,360.0000000000,0.0000000000
161.9094228745,1.6119375000,360.0000000000,0.0000000000
162.0095379353,1.6115625000,360.0000000000,0.0000000000
162.1094126701,1.6113750000,360.0000000000,0.0000000000
162.2094125748,1.6106250000,360.0000000000,0.0000000000
162.3094265461,1.6104375000,360.0000000000,0.0000000000
162.4093832970,1.6100625000,360.0000000000,0.0000000000
162.5095577240,1.6095000000,360.0000000000,0.0000000000
162.6094076633,1.6093125000,360.0000000000,0.0000000000
162.7094171047,1.6089375000,360.0000000000,0.0000000000
162.8094253540,1.6081875000,360.0000000000,0.0000000000
162.9094181061,1.6081875000,360.0000000000,0.0000000000
163.0094103813,1.6072500000,360.0000000000,0.0000000000
163.1094131470,1.6070625000,360.0000000000,0.0000000000
163.2095201015,1.6068750000,360.0000000000,0.0000000000
163.3093957901,1.6063125000,360.0000000000,0.0000000000
163.4095206261,1.6061250000,360.0000000000,0.0000000000
163.5093963146,1.6053750000,360.0000000000,0.0000000000
163.6094012260,1.6048125000,360.0000000000,0.0000000000
163.7094063759,1.6046250000,360.0000000000,0.0000000000
163.8094310760,1.6040625000,360.0000000000,0.0000000000
163.9094042778,1.6040625000,360.0000000000,0.0000000000
164.0094306469,1.6031250000,360.0000000000,0.0000000000
164.1094231606,1.6027500000,360.0000000000,0.0000000000
164.2095327377,1.6027500000,360.0000000000,0.0000000000
164.3094260693,1.6025625000,360.0000000000,0.0000000000
164.4093966484,1.6021875000,360.0000000000,0.0000000000
164.5095639229,1.6016250000,360.0000000000,0.0000000000
164.6094241142,1.6008750000,360.0000000000,0.0000000000
164.7094016075,1.6006875000,360.0000000000,0.0000000000
164.8093845844,1.6005000000,360.0000000000,0.0000000000
164.9093883038,1.6001250000,360.0000000000,0.0000000000
165.0094642639,1.5993750000,360.0000000000,0.0000000000
165.1094257832,1.5993750000,360.0000000000,0.0000000000
165.2094218731,1.5988125000,360.0000000000,0.0000000000
165.3094224930,1.5984375000,360.0000000000,0.0000000000
165.4094355106,1.5958125000,360.0000000000,0.0000000000
165.5094211102,1.5976875000,360.0000000000,0.0000000000
165.6094243526,1.5943125000,360.0000000000,0.0000000000
165.7094182968,1.5961875000,360.0000000000,0.0000000000
165.8094711304,1.5941250000,360.0000000000,0.0000000000
165.9094350338,1.5958125000,360.0000000000,0.0000000000
166.0094368458,1.5933750000,360.0000000000,0.0000000000
166.1094298363,1.5946875000,360.0000000000,0.0000000000
166.2094268799,1.5926250000,360.0000000000,0.0000000000
166.3094208241,1.5943125000,360.0000000000,0.0000000000
166.4094278812,1.5918750000,360.0000000000,0.0000000000
166.5094320774,1.5930000000,360.0000000000,0.0000000000
166.6094303131,1.5907500000,360.0000000000,0.0000000000
166.7094364166,1.5922500000,360.0000000000,0.0000000000
166.8094694614,1.5894375000,360.0000000000,0.0000000000
166.9094383717,1.5909375000,360.0000000000,0.0000000000
167.0094423294,1.5883125000,360.0000000000,0.0000000000
167.1094477177,1.5900000000,360.0000000000,0.0000000000
167.2094745636,1.5879375000,360.0000000000,0.0000000000
167.3094396591,1.5898125000,360.0000000000,0.0000000000
167.4094901085,1.5871875000,360.0000000000,0.0000000000
167.5094604492,1.5885000000,360.0000000000,0.0000000000
167.6094670296,1.5860625000,360.0000000000,0.0000000000
167.7094669342,1.5883125000,360.0000000000,0.0000000000
167.8094797134,1.5860625000,360.0000000000,0.0000000000
167.9094429016,1.5886875000,360.0000000000,0.0000000000
168.0094106197,1.5879375000,360.0000000000,0.0000000000
168.1094062328,1.5877500000,360.0000000000,0.0000000000
168.2095229626,1.5873750000,360.0000000000,0.0000000000
168.3094146252,1.5868125000,360.0000000000,0.0000000000
168.4094121456,1.5868125000,360.0000000000,0.0000000000
168.5094351768,1.5821250000,360.0000000000,0.0000000000
168.6094303131,1.5856875000,360.0000000000,0.0000000000
168.7094099522,1.5810000000,360.0000000000,0.0000000000
168.8094351292,1.5845625000,360.0000000000,0.0000000000
168.9094185829,1.5813750000,360.0000000000,0.0000000000
169.0094141960,1.5843750000,360.0000000000,0.0000000000
169.1094751358,1.5796875000,360.0000000000,0.0000000000
169.2094278336,1.5819375000,360.0000000000,0.0000000000
169.3094158173,1.5817500000,360.0000000000,0.0000000000
169.4094209671,1.5823125000,360.0000000000,0.0000000000
169.5094223022,1.5817500000,360.0000000000,0.0000000000
169.6094479561,1.5811875000,360.0000000000,0.0000000000
169.7093997002,1.5808125000,360.0000000000,0.0000000000
169.8094139099,1.5806250000,360.0000000000,0.0000000000
169.9094295502,1.5804375000,360.0000000000,0.0000000000
170.0094442368,1.5798750000,360.0000000000,0.0000000000
170.1094212532,1.5795000000,360.0000000000,0.0000000000
170.2094173431,1.5783750000,360.0000000000,0.0000000000
170.3094251156,1.5791250000,360.0000000000,0.0000000000
170.4096343517,1.5731250000,360.0000000000,0.0000000000
170.5093822479,1.5789375000,360.0000000000,0.0000000000
170.6094110012,1.5785625000,360.0000000000,0.0000000000
170.7094218731,1.5774375000,360.0000000000,0.0000000000
170.8094151020,1.5772500000,360.0000000000,0.0000000000
170.9094491005,1.5766875000,360.0000000000,0.0000000000
171.0094301701,1.5765000000,360.0000000000,0.0000000000
171.1094150543,1.5763125000,360.0000000000,0.0000000000
171.2094132900,1.5761250000,360.0000000000,0.0000000000
171.3094222546,1.5751875000,360.0000000000,0.0000000000
171.4095759392,1.5753750000,360.0000000000,0.0000000000
171.5095758438,1.5750000000,360.0000000000,0.0000000000
171.6094114780,1.5750000000,360.0000000000,0.0000000000
171.7094149590,1.5742500000,360.0000000000,0.0000000000
171.8094286919,1.5740625000,360.0000000000,0.0000000000
171.9094243050,1.5735000000,360.0000000000,0.0000000000
172.0094220638,1.5727500000,360.0000000000,0.0000000000
172.1094195843,1.5725625000,360.0000000000,0.0000000000
172.2094933987,1.5725625000,360.0000000000,0.0000000000
172.3094260693,1.5721875000,360.0000000000,0.0000000000
172.4094133377,1.5712500000,360.0000000000,0.0000000000
172.5094318390,1.5714375000,360.0000000000,0.0000000000
172.6094198227,1.5705000000,360.0000000000,0.0000000000
172.7094225883,1.5703125000,360.0000000000,0.0000000000
172.8094325066,1.5697500000,360.0000000000,0.0000000000
172.9094321728,1.5695625000,360.0000000000,0.0000000000
173.0094418526,1.5686250000,360.0000000000,0.0000000000
173.1094386578,1.5682500000,360.0000000000,0.0000000000
173.2094354630,1.5676875000,360.0000000000,0.0000000000
173.3094286919,1.5675000000,360.0000000000,0.0000000000
173.4094321728,1.5675000000,360.0000000000,0.0000000000
173.5094239712,1.5675000000,360.0000000000,0.0000000000
173.6095528603,1.5667500000,360.0000000000,0.0000000000
173.7095115185,1.5665625000,360.0000000000,0.0000000000
173.8094527721,1.5658125000,360.0000000000,0.0000000000
173.9094703197,1.5661875000,360.0000000000,0.0000000000
174.0094985962,1.5658125000,360.0000000000,0.0000000000
174.1094133854,1.5656250000,360.0000000000,0.0000000000
174.2095537186,1.5650625000,360.0000000000,0.0000000000
174.3095424175,1.5652500000,360.0000000000,0.0000000000
174.4094085693,1.5646875000,360.0000000000,0.0000000000
174.5094265938,1.5641250000,360.0000000000,0.0000000000
174.6094365120,1.5637500000,360.0000000000,0.0000000000
174.7094066143,1.5633750000,360.0000000000,0.0000000000
174.8095448017,1.5635625000,360.0000000000,0.0000000000
174.9094324112,1.5630000000,360.0000000000,0.0000000000
175.0094144344,1.5626250000,360.0000000000,0.0000000000
175.1094243526,1.5620625000,360.0000000000,0.0000000000
175.2095401287,1.5622500000,360.0000000000,0.0000000000
175.3094205856,1.5618750000,360.0000000000,0.0000000000
175.4095239639,1.5613125000,360.0000000000,0.0000000000
175.5095489025,1.5609375000,360.0000000000,0.0000000000
175.6094048023,1.5603750000,360.0000000000,0.0000000000
175.7095110416,1.5603750000,360.0000000000,0.0000000000
175.8094272614,1.5594375000,360.0000000000,0.0000000000
175.9094130993,1.5592500000,360.0000000000,0.0000000000
176.0094132423,1.5588750000,360.0000000000,0.0000000000
176.1094045639,1.5586875000,360.0000000000,0.0000000000
176.2094132900,1.5583125000,360.0000000000,0.0000000000
176.3094112873,1.5581250000,360.0000000000,0.0000000000
176.4094078541,1.5577500000,360.0000000000,0.0000000000
176.5094952583,1.5579375000,360.0000000000,0.0000000000
176.6094949245,1.5573750000,360.0000000000,0.0000000000
176.7094438076,1.5571875000,360.0000000000,0.0000000000
176.8094277382,1.5562500000,360.0000000000,0.0000000000
176.9094140530,1.5562500000,360.0000000000,0.0000000000
177.0094056129,1.5556875000,360.0000000000,0.0000000000
177.1094071865,1.5553125000,360.0000000000,0.0000000000
177.2094066143,1.5551250000,360.0000000000,0.0000000000
177.3093941212,1.5551250000,360.0000000000,0.0000000000
177.4094285965,1.5547500000,360.0000000000,0.0000000000
177.5094308853,1.5545625000,360.0000000000,0.0000000000
177.6094267368,1.5541875000,360.0000000000,0.0000000000
177.7094357014,1.5540000000,360.0000000000,0.0000000000
177.8094346523,1.5536250000,360.0000000000,0.0000000000
177.9094197750,1.5534375000,360.0000000000,0.0000000000
178.0095403194,1.5528750000,360.0000000000,0.0000000000
178.1094257832,1.5523125000,360.0000000000,0.0000000000
178.2094359398,1.5500625000,360.0000000000,0.0000000000
178.3094153404,1.5517500000,360.0000000000,0.0000000000
178.4094331264,1.5489375000,360.0000000000,0.0000000000
178.5094325542,1.5510000000,360.0000000000,0.0000000000
178.6094305515,1.5483750000,360.0000000000,0.0000000000
178.7094261646,1.5504375000,360.0000000000,0.0000000000
178.8094348907,1.5476250000,360.0000000000,0.0000000000
178.9094345570,1.5495000000,360.0000000000,0.0000000000
179.0094220638,1.5470625000,360.0000000000,0.0000000000
179.1094629765,1.5489375000,360.0000000000,0.0000000000
179.2094488144,1.5459375000,360.0000000000,0.0000000000
179.3095707893,1.5480000000,360.0000000000,0.0000000000
179.4094538689,1.5451875000,360.0000000000,0.0000000000
179.5094823837,1.5472500000,360.0000000000,0.0000000000
179.6094658375,1.5450000000,360.0000000000,0.0000000000
179.7094495296,1.5468750000,360.0000000000,0.0000000000
179.8096361160,1.5440625000,360.0000000000,0.0000000000
179.9095845222,1.5461250000,360.0000000000,0.0000000000
180.0094745159,1.5436875000,360.0000000000,0.0000000000
180.1094722748,1.5457500000,360.0000000000,0.0000000000
180.2095959187,1.5438750000,360.0000000000,0.0000000000
180.3095631599,1.5455625000,360.0000000000,0.0000000000
180.4095473289,1.5429375000,360.0000000000,0.0000000000
180.5095324516,1.5450000000,360.0000000000,0.0000000000
180.6094198227,1.5425625000,360.0000000000,0.0000000000
180.7094187737,1.5444375000,360.0000000000,0.0000000000
180.8095340729,1.5438750000,360.0000000000,0.0000000000
180.9094176292,1.5433125000,360.0000000000,0.0000000000
181.0093975067,1.5433125000,360.0000000000,0.0000000000
181.1094202995,1.5427500000,360.0000000000,0.0000000000
181.2094011307,1.5425625000,360.0000000000,0.0000000000
181.3095164299,1.5425625000,360.0000000000,0.0000000000
181.4095225334,1.5421875000,360.0000000000,0.0000000000
181.5095396042,1.5418125000,360.0000000000,0.0000000000
181.6094217300,1.5414375000,360.0000000000,0.0000000000
181.7094187737,1.5410625000,360.0000000000,0.0000000000
181.8094129562,1.5405000000,360.0000000000,0.0000000000
181.9094028473,1.5405000000,360.0000000000,0.0000000000
182.0094065666,1.5406875000,360.0000000000,0.0000000000
182.1094107628,1.5403125000,360.0000000000,0.0000000000
182.2094073296,1.5395625000,360.0000000000,0.0000000000
182.3094029427,1.5393750000,360.0000000000,0.0000000000
182.4094071388,1.5390000000,360.0000000000,0.0000000000
182.5094101429,1.5386250000,360.0000000000,0.0000000000
182.6094710827,1.5388125000,360.0000000000,0.0000000000
182.7094142437,1.5380625000,360.0000000000,0.0000000000
182.8094277382,1.5376875000,360.0000000000,0.0000000000
182.9094290733,1.5378750000,360.0000000000,0.0000000000
183.0093827248,1.5378750000,360.0000000000,0.0000000000
183.1093838215,1.5375000000,360.0000000000,0.0000000000
183.2093937397,1.5371250000,360.0000000000,0.0000000000
183.3093993664,1.5367500000,360.0000000000,0.0000000000
183.4094202518,1.5363750000,360.0000000000,0.0000000000
183.5094161034,1.5356250000,360.0000000000,0.0000000000
183.6094117165,1.5358125000,360.0000000000,0.0000000000
183.7094144821,1.5356250000,360.0000000000,0.0000000000
183.8094177246,1.5348750000,360.0000000000,0.0000000000
183.9094328880,1.5352500000,360.0000000000,0.0000000000
184.0095882416,1.5346875000,360.0000000000,0.0000000000
184.1094257832,1.5339375000,360.0000000000,0.0000000000
184.2094352245,1.5341250000,360.0000000000,0.0000000000
184.3093881607,1.5337500000,360.0000000000,0.0000000000
184.4093933105,1.5333750000,360.0000000000,0.0000000000
184.5094127655,1.5333750000,360.0000000000,0.0000000000
184.6094110012,1.5328125000,360.0000000000,0.0000000000
184.7094392776,1.5320625000,360.0000000000,0.0000000000
184.8094103336,1.5320625000,360.0000000000,0.0000000000
184.9094290733,1.5316875000,360.0000000000,0.0000000000
185.0094068050,1.5313125000,360.0000000000,0.0000000000
185.1094119549,1.5313125000,360.0000000000,0.0000000000
185.2094373703,1.5301875000,360.0000000000,0.0000000000
185.3094902039,1.5305625000,360.0000000000,0.0000000000
185.4094395638,1.5292500000,360.0000000000,0.0000000000
185.5094254017,1.5292500000,360.0000000000,0.0000000000
185.6094341278,1.5292500000,360.0000000000,0.0000000000
185.7094662189,1.5288750000,360.0000000000,0.0000000000
185.8094954491,1.5288750000,360.0000000000,0.0000000000
185.9094479084,1.5285000000,360.0000000000,0.0000000000
186.0094552040,1.5281250000,360.0000000000,0.0000000000
186.1094665527,1.5277500000,360.0000000000,0.0000000000
186.2094430923,1.5273750000,360.0000000000,0.0000000000
186.3095612526,1.5277500000,360.0000000000,0.0000000000
186.4094707966,1.5275625000,360.0000000000,0.0000000000
186.5095250607,1.5271875000,360.0000000000,0.0000000000
186.6095483303,1.5270000000,360.0000000000,0.0000000000
186.7094058990,1.5262500000,360.0000000000,0.0000000000
186.8094067574,1.5264375000,360.0000000000,0.0000000000
186.9094090462,1.5262500000,360.0000000000,0.0000000000
187.0095100403,1.5258750000,360.0000000000,0.0000000000
187.1094295979,1.5251250000,360.0000000000,0.0000000000
187.2095379829,1.5253125000,360.0000000000,0.0000000000
187.3095278740,1.5251250000,360.0000000000,0.0000000000
187.4094038010,1.5245625000,360.0000000000,0.0000000000
187.5094139576,1.5245625000,360.0000000000,0.0000000000
187.6094162464,1.5243750000,360.0000000000,0.0000000000
187.7094054222,1.5240000000,360.0000000000,0.0000000000
187.8094210625,1.5236250000,360.0000000000,0.0000000000
187.9094128609,1.5230625000,360.0000000000,0.0000000000
188.0093951225,1.5226875000,360.0000000000,0.0000000000
188.1094243526,1.5223125000,360.0000000000,0.0000000000
188.2094075680,1.5221250000,360.0000000000,0.0000000000
188.3094172478,1.5221250000,360.0000000000,0.0000000000
188.4094161987,1.5215625000,360.0000000000,0.0000000000
188.5094039440,1.5213750000,360.0000000000,0.0000000000
188.6094691753,1.5213750000,360.0000000000,0.0000000000
188.7094197273,1.5206250000,360.0000000000,0.0000000000
188.8094170094,1.5204375000,360.0000000000,0.0000000000
188.9095153809,1.5204375000,360.0000000000,0.0000000000
189.0094192028,1.5200625000,360.0000000000,0.0000000000
189.1095738411,1.5198750000,360.0000000000,0.0000000000
189.2094142437,1.5193125000,360.0000000000,0.0000000000
189.3093888760,1.5195000000,360.0000000000,0.0000000000
189.4094066620,1.5189375000,360.0000000000,0.0000000000
189.5094072819,1.5189375000,360.0000000000,0.0000000000
189.6094536781,1.5185625000,360.0000000000,0.0000000000
189.7094056606,1.5181875000,360.0000000000,0.0000000000
189.8094258308,1.5180000000,360.0000000000,0.0000000000
189.9094116688,1.5178125000,360.0000000000,0.0000000000
190.0094230175,1.5170625000,360.0000000000,0.0000000000
190.1094233990,1.5170625000,360.0000000000,0.0000000000
190.2094264030,1.5168750000,360.0000000000,0.0000000000
190.3094253540,1.5161250000,360.0000000000,0.0000000000
190.4094233513,1.5159375000,360.0000000000,0.0000000000
190.5094270706,1.5161250000,360.0000000000,0.0000000000
190.6094348431,1.5157500000,360.0000000000,0.0000000000
190.7094259262,1.5155625000,360.0000000000,0.0000000000
190.8094263077,1.5148125000,360.0000000000,0.0000000000
190.9095988274,1.5144375000,360.0000000000,0.0000000000
191.0094332695,1.5120000000,360.0000000000,0.0000000000
191.1094391346,1.5136875000,360.0000000000,0.0000000000
191.2094309330,1.5118125000,360.0000000000,0.0000000000
191.3094215393,1.5133125000,360.0000000000,0.0000000000
191.4094383717,1.5108750000,360.0000000000,0.0000000000
191.5094454288,1.5125625000,360.0000000000,0.0000000000
191.6094801426,1.5099375000,360.0000000000,0.0000000000
191.7094354630,1.5112500000,360.0000000000,0.0000000000
191.8094606400,1.5090000000,360.0000000000,0.0000000000
191.9094474316,1.5108750000,360.0000000000,0.0000000000
192.0095312595,1.5090000000,360.0000000000,0.0000000000
192.1094505787,1.5101250000,360.0000000000,0.0000000000
192.2094578743,1.5080625000,360.0000000000,0.0000000000
192.3094642162,1.5101250000,360.0000000000,0.0000000000
192.4095089436,1.5076875000,360.0000000000,0.0000000000
192.5094816685,1.5103125000,360.0000000000,0.0000000000
192.6094331741,1.5078750000,360.0000000000,0.0000000000
192.7094221115,1.5091875000,360.0000000000,0.0000000000
192.8094153404,1.5073125000,360.0000000000,0.0000000000
192.9093985558,1.5090000000,360.0000000000,0.0000000000
193.0095360279,1.5067500000,360.0000000000,0.0000000000
193.1094479561,1.5080625000,360.0000000000,0.0000000000
193.2094271183,1.5063750000,360.0000000000,0.0000000000
193.3094172478,1.5075000000,360.0000000000,0.0000000000
193.4094276428,1.5052500000,360.0000000000,0.0000000000
193.5095775127,1.5075000000,360.0000000000,0.0000000000
193.6094574928,1.5071250000,360.0000000000,0.0000000000
193.7094433308,1.5069375000,360.0000000000,0.0000000000
193.8094229698,1.5063750000,360.0000000000,0.0000000000
193.9095268250,1.5065625000,360.0000000000,0.0000000000
194.0094220638,1.5058125000,360.0000000000,0.0000000000
194.1094181538,1.5060000000,360.0000000000,0.0000000000
194.2094049454,1.5054375000,360.0000000000,0.0000000000
194.3094074726,1.5054375000,360.0000000000,0.0000000000
194.4094161987,1.5046875000,360.0000000000,0.0000000000
194.5094146729,1.5043125000,360.0000000000,0.0000000000
194.6094155312,1.5045000000,360.0000000000,0.0000000000
194.7094132900,1.5041250000,360.0000000000,0.0000000000
194.8094069958,1.5037500000,360.0000000000,0.0000000000
194.9094171524,1.5033750000,360.0000000000,0.0000000000
195.0094130039,1.5031875000,360.0000000000,0.0000000000
195.1094148159,1.5033750000,360.0000000000,0.0000000000
195.2093846798,1.5030000000,360.0000000000,0.0000000000
195.3094813824,1.5026250000,360.0000000000,0.0000000000
195.4095673561,1.5024375000,360.0000000000,0.0000000000
195.5094032288,1.5018750000,360.0000000000,0.0000000000
195.6094138622,1.5020625000,360.0000000000,0.0000000000
195.7093937397,1.5016875000,360.0000000000,0.0000000000
195.8093888760,1.5015000000,360.0000000000,0.0000000000
195.9094347954,1.5013125000,360.0000000000,0.0000000000
196.0094165802,1.5009375000,360.0000000000,0.0000000000
196.1094651222,1.5001875000,360.0000000000,0.0000000000
196.2094070911,1.5001875000,360.0000000000,0.0000000000
196.3094370365,1.5000000000,360.0000000000,0.0000000000
196.4094138145,1.5000000000,360.0000000000,0.0000000000
196.5094199181,1.4992500000,360.0000000000,0.0000000000
196.6094193459,1.4992500000,360.0000000000,0.0000000000
196.7094187737,1.4986875000,360.0000000000,0.0000000000
196.8094248772,1.4988750000,360.0000000000,0.0000000000
196.9094338417,1.4986875000,360.0000000000,0.0000000000
197.0094377995,1.4983125000,360.0000000000,0.0000000000
197.1094074249,1.4981250000,360.0000000000,0.0000000000
197.2094268799,1.4973750000,360.0000000000,0.0000000000
197.3094213009,1.4973750000,360.0000000000,0.0000000000
197.4094307423,1.4968125000,360.0000000000,0.0000000000
197.5094270706,1.4964375000,360.0000000000,0.0000000000
197.6094455719,1.4966250000,360.0000000000,0.0000000000
197.7098398209,1.4953125000,360.0000000000,0.0000000000
197.8094484806,1.4947500000,360.0000000000,0.0000000000
197.9094316959,1.4945625000,360.0000000000,0.0000000000
198.0094294548,1.4945625000,360.0000000000,0.0000000000
198.1094334126,1.4941875000,360.0000000000,0.0000000000
198.2095301151,1.4943750000,360.0000000000,0.0000000000
198.3094425201,1.4936250000,360.0000000000,0.0000000000
198.4094300270,1.4932500000,360.0000000000,0.0000000000
198.5095191002,1.4936250000,360.0000000000,0.0000000000
198.6094512939,1.4930625000,360.0000000000,0.0000000000
198.7094595432,1.4936250000,360.0000000000,0.0000000000
198.8094227314,1.4936250000,360.0000000000,0.0000000000
198.9093923569,1.4934375000,360.0000000000,0.0000000000
199.0094223022,1.4928750000,360.0000000000,0.0000000000
199.1094717979,1.4928750000,360.0000000000,0.0000000000
199.2095253468,1.4926875000,360.0000000000,0.0000000000
199.3094189167,1.4919375000,360.0000000000,0.0000000000
199.4094049931,1.4917500000,360.0000000000,0.0000000000
199.5095322132,1.4919375000,360.0000000000,0.0000000000
199.6093962193,1.4913750000,360.0000000000,0.0000000000
199.7094104290,1.4913750000,360.0000000000,0.0000000000
199.8094305992,1.4911875000,360.0000000000,0.0000000000
199.9094078541,1.4904375000,360.0000000000,0.0000000000
200.0094053745,1.4902500000,360.0000000000,0.0000000000
200.1094048023,1.4904375000,360.0000000000,0.0000000000
200.2095191479,1.4900625000,360.0000000000,0.0000000000
200.3094084263,1.4896875000,360.0000000000,0.0000000000
200.4095475674,1.4895000000,360.0000000000,0.0000000000
200.5094046593,1.4891250000,360.0000000000,0.0000000000
200.6094992161,1.4891250000,360.0000000000,0.0000000000
200.7094097137,1.4885625000,360.0000000000,0.0000000000
200.8094015121,1.4885625000,360.0000000000,0.0000000000
200.9094140530,1.4881875000,360.0000000000,0.0000000000
201.0094065666,1.4878125000,360.0000000000,0.0000000000
201.1094193459,1.4874375000,360.0000000000,0.0000000000
201.2094023228,1.4874375000,360.0000000000,0.0000000000
201.3094542027,1.4876250000,360.0000000000,0.0000000000
201.4093940258,1.4872500000,360.0000000000,0.0000000000
201.5093865395,1.4870625000,360.0000000000,0.0000000000
201.6095485687,1.4866875000,360.0000000000,0.0000000000
201.7094151974,1.4861250000,360.0000000000,0.0000000000
201.8094012737,1.4859375000,360.0000000000,0.0000000000
201.9094090462,1.4861250000,360.0000000000,0.0000000000
202.0095818043,1.4857500000,360.0000000000,0.0000000000
202.1094624996,1.4857500000,360.0000000000,0.0000000000
202.2093992233,1.4853750000,360.0000000000,0.0000000000
202.3093905449,1.4851875000,360.0000000000,0.0000000000
202.4093983173,1.4848125000,360.0000000000,0.0000000000
202.5094254017,1.4846250000,360.0000000000,0.0000000000
202.6094114780,1.4838750000,360.0000000000,0.0000000000
202.7094135284,1.4842500000,360.0000000000,0.0000000000
202.8094284534,1.4838750000,360.0000000000,0.0000000000
202.9094290733,1.4836875000,360.0000000000,0.0000000000
203.0094280243,1.4835000000,360.0000000000,0.0000000000
203.1094245911,1.4833125000,360.0000000000,0.0000000000
203.2094197273,1.4829375000,360.0000000000,0.0000000000
203.3094305992,1.4827500000,360.0000000000,0.0000000000
203.4094340801,1.4823750000,360.0000000000,0.0000000000
203.5094406605,1.4823750000,360.0000000000,0.0000000000
203.6094384193,1.4816250000,360.0000000000,0.0000000000
203.7094242573,1.4812500000,360.0000000000,0.0000000000
203.8094425201,1.4793750000,360.0000000000,0.0000000000
203.9094502926,1.4806875000,360.0000000000,0.0000000000
204.0094659328,1.4776875000,360.0000000000,0.0000000000
204.1094393730,1.4795625000,360.0000000000,0.0000000000
204.2094337940,1.4773125000,360.0000000000,0.0000000000
204.3094723225,1.4795625000,360.0000000000,0.0000000000
204.4094448090,1.4769375000,360.0000000000,0.0000000000
204.5094385147,1.4788125000,360.0000000000,0.0000000000
204.6094660759,1.4769375000,360.0000000000,0.0000000000
204.7094459534,1.4784375000,360.0000000000,0.0000000000
204.8094620705,1.4763750000,360.0000000000,0.0000000000
204.9094688892,1.4788125000,360.0000000000,0.0000000000
205.0094809532,1.4765625000,360.0000000000,0.0000000000
205.1094942093,1.4782500000,360.0000000000,0.0000000000
205.2094130516,1.4761875000,360.0000000000,0.0000000000
205.3094260693,1.4778750000,360.0000000000,0.0000000000
205.4094314575,1.4754375000,360.0000000000,0.0000000000
205.5094115734,1.4776875000,360.0000000000,0.0000000000
205.6094286442,1.4748750000,360.0000000000,0.0000000000
205.7095654011,1.4771250000,360.0000000000,0.0000000000
205.8094120026,1.4748750000,360.0000000000,0.0000000000
205.9095399380,1.4767500000,360.0000000000,0.0000000000
206.0094289780,1.4743125000,360.0000000000,0.0000000000
206.1095435619,1.4761875000,360.0000000000,0.0000000000
206.2095491886,1.4737500000,360.0000000000,0.0000000000
206.3094360828,1.4754375000,360.0000000000,0.0000000000
206.4094731808,1.4752500000,360.0000000000,0.0000000000
206.5094127655,1.4748750000,360.0000000000,0.0000000000
206.6094841957,1.4745000000,360.0000000000,0.0000000000
206.7093966007,1.4743125000,360.0000000000,0.0000000000
206.8094027042,1.4746875000,360.0000000000,0.0000000000
206.9094140530,1.4741250000,360.0000000000,0.0000000000
207.0093994141,1.4739375000,360.0000000000,0.0000000000
207.1094026566,1.4735625000,360.0000000000,0.0000000000
207.2094185352,1.4735625000,360.0000000000,0.0000000000
207.3094208241,1.4733750000,360.0000000000,0.0000000000
207.4094145298,1.4731875000,360.0000000000,0.0000000000
207.5094769001,1.4730000000,360.0000000000,0.0000000000
207.6095473766,1.4728125000,360.0000000000,0.0000000000
207.7094054222,1.4726250000,360.0000000000,0.0000000000
207.8094139099,1.4720625000,360.0000000000,0.0000000000
207.9093909264,1.4720625000,360.0000000000,0.0000000000
208.0094075203,1.4716875000,360.0000000000,0.0000000000
208.1094853878,1.4716875000,360.0000000000,0.0000000000
208.2094178200,1.4711250000,360.0000000000,0.0000000000
208.3094830513,1.4711250000,360.0000000000,0.0000000000
208.4094021320,1.4711250000,360.0000000000,0.0000000000
208.5095596313,1.4709375000,360.0000000000,0.0000000000
208.6094141006,1.4703750000,360.0000000000,0.0000000000
208.7094292641,1.4703750000,360.0000000000,0.0000000000
208.8094229698,1.4698125000,360.0000000000,0.0000000000
208.9094333649,1.4698125000,360.0000000000,0.0000000000
209.0094182491,1.4692500000,360.0000000000,0.0000000000
209.1094212532,1.4690625000,360.0000000000,0.0000000000
209.2094364166,1.4692500000,360.0000000000,0.0000000000
209.3094222546,1.4685000000,360.0000000000,0.0000000000
209.4094207287,1.4683125000,360.0000000000,0.0000000000
209.5094239712,1.4686875000,360.0000000000,0.0000000000
209.6095609665,1.4681250000,360.0000000000,0.0000000000
209.7094094753,1.4677500000,360.0000000000,0.0000000000
209.8094339371,1.4677500000,360.0000000000,0.0000000000
209.9094207287,1.4673750000,360.0000000000,0.0000000000
210.0094254017,1.4671875000,360.0000000000,0.0000000000
210.1094613075,1.4666250000,360.0000000000,0.0000000000
210.2094337940,1.4660625000,360.0000000000,0.0000000000
210.3094370365,1.4656875000,360.0000000000,0.0000000000
210.4094326496,1.4655000000,360.0000000000,0.0000000000
210.5094406605,1.4653125000,360.0000000000,0.0000000000
210.6094357967,1.4653125000,360.0000000000,0.0000000000
210.7094442844,1.4651250000,360.0000000000,0.0000000000
210.8094606400,1.4649375000,360.0000000000,0.0000000000
210.9094576836,1.4647500000,360.0000000000,0.0000000000
211.0095791817,1.4643750000,360.0000000000,0.0000000000
211.1095807552,1.4634375000,360.0000000000,0.0000000000
211.2094333172,1.4647500000,360.0000000000,0.0000000000
211.3094012737,1.4645625000,360.0000000000,0.0000000000
211.4094204903,1.4643750000,360.0000000000,0.0000000000
211.5094099045,1.4641875000,360.0000000000,0.0000000000
211.6094186306,1.4634375000,360.0000000000,0.0000000000
211.7095208168,1.4636250000,360.0000000000,0.0000000000
211.8094129562,1.4634375000,360.0000000000,0.0000000000
211.9094209671,1.4630625000,360.0000000000,0.0000000000
212.0095191002,1.4630625000,360.0000000000,0.0000000000
212.1095485687,1.4628750000,360.0000000000,0.0000000000
212.2094058990,1.4621250000,360.0000000000,0.0000000000
212.3094108105,1.4623125000,360.0000000000,0.0000000000
212.4096052647,1.4621250000,360.0000000000,0.0000000000
212.5094218254,1.4613750000,360.0000000000,0.0000000000
212.6095442772,1.4598750000,360.0000000000,0.0000000000
212.7095382214,1.4615625000,360.0000000000,0.0000000000
212.8094151020,1.4608125000,360.0000000000,0.0000000000
212.9094088078,1.4606250000,360.0000000000,0.0000000000
213.0094084740,1.4604375000,360.0000000000,0.0000000000
213.1094026566,1.4602500000,360.0000000000,0.0000000000
213.2094070911,1.4598750000,360.0000000000,0.0000000000
213.3094046116,1.4598750000,360.0000000000,0.0000000000
213.4094142914,1.4595000000,360.0000000000,0.0000000000
213.5094075203,1.4593125000,360.0000000000,0.0000000000
213.6093673706,1.4595000000,360.0000000000,0.0000000000
213.7094125748,1.4591250000,360.0000000000,0.0000000000
213.8094594479,1.4591250000,360.0000000000,0.0000000000
213.9095683098,1.4589375000,360.0000000000,0.0000000000
214.0094237328,1.4587500000,360.0000000000,0.0000000000
214.1095507145,1.4561250000,360.0000000000,0.0000000000
214.2093865871,1.4581875000,360.0000000000,0.0000000000
214.3093972206,1.4580000000,360.0000000000,0.0000000000
214.4093949795,1.4578125000,360.0000000000,0.0000000000
214.5093979836,1.4576250000,360.0000000000,0.0000000000
214.6094272137,1.4572500000,360.0000000000,0.0000000000
214.7094290257,1.4572500000,360.0000000000,0.0000000000
214.8094120026,1.4570625000,360.0000000000,0.0000000000
214.9094150066,1.4563125000,360.0000000000,0.0000000000
215.0094194412,1.4565000000,360.0000000000,0.0000000000
215.1094141006,1.4563125000,360.0000000000,0.0000000000
215.2094156742,1.4555625000,360.0000000000,0.0000000000
215.3094196320,1.4559375000,360.0000000000,0.0000000000
215.4094321728,1.4551875000,360.0000000000,0.0000000000
215.5094444752,1.4551875000,360.0000000000,0.0000000000
215.6095314026,1.4533125000,360.0000000000,0.0000000000
215.7094120979,1.4546250000,360.0000000000,0.0000000000
215.8094203472,1.4548125000,360.0000000000,0.0000000000
215.9094116688,1.4542500000,360.0000000000,0.0000000000
216.0094239712,1.4546250000,360.0000000000,0.0000000000
216.1094233990,1.4536875000,360.0000000000,0.0000000000
216.2095370293,1.4538750000,360.0000000000,0.0000000000
216.3094429970,1.4535000000,360.0000000000,0.0000000000
216.4094491005,1.4527500000,360.0000000000,0.0000000000
216.5094420910,1.4523750000,360.0000000000,0.0000000000
216.6094570160,1.4503125000,360.0000000000,0.0000000000
216.7094323635,1.4521875000,360.0000000000,0.0000000000
216.8095173836,1.4499375000,360.0000000000,0.0000000000
216.9094986916,1.4518125000,360.0000000000,0.0000000000
217.0094778538,1.4495625000,360.0000000000,0.0000000000
217.1094856262,1.4488125000,360.0000000000,0.0000000000
217.2094805241,1.4490000000,360.0000000000,0.0000000000
217.3094713688,1.4510625000,360.0000000000,0.0000000000
217.4095065594,1.4491875000,360.0000000000,0.0000000000
217.5094187260,1.4508750000,360.0000000000,0.0000000000
217.6094264984,1.4486250000,360.0000000000,0.0000000000
217.7094137669,1.4503125000,360.0000000000,0.0000000000
217.8095579147,1.4484375000,360.0000000000,0.0000000000
217.9094245434,1.4501250000,360.0000000000,0.0000000000
218.0094103813,1.4482500000,360.0000000000,0.0000000000
218.1094207764,1.4499375000,360.0000000000,0.0000000000
218.2094192505,1.4478750000,360.0000000000,0.0000000000
218.3094227314,1.4495625000,360.0000000000,0.0000000000
218.4095578194,1.4473125000,360.0000000000,0.0000000000
218.5095462799,1.4491875000,360.0000000000,0.0000000000
218.6095395088,1.4450625000,360.0000000000,0.0000000000
218.7095413208,1.4488125000,360.0000000000,0.0000000000
218.8094284534,1.4465625000,360.0000000000,0.0000000000
218.9095406532,1.4484375000,360.0000000000,0.0000000000
219.0094289780,1.4456250000,360.0000000000,0.0000000000
219.1094353199,1.4476875000,360.0000000000,0.0000000000
219.2094225883,1.4475000000,360.0000000000,0.0000000000
219.3094265461,1.4473125000,360.0000000000,0.0000000000
219.4093990326,1.4471250000,360.0000000000,0.0000000000
219.5093996525,1.4469375000,360.0000000000,0.0000000000
219.6094019413,1.4467500000,360.0000000000,0.0000000000
219.7094089985,1.4465625000,360.0000000000,0.0000000000
219.8093984127,1.4461875000,360.0000000000,0.0000000000
219.9094192982,1.4460000000,360.0000000000,0.0000000000
220.0094201565,1.4458125000,360.0000000000,0.0000000000
220.1095354557,1.4441250000,360.0000000000,0.0000000000
220.2094004154,1.4458125000,360.0000000000,0.0000000000
220.3095774651,1.4456250000,360.0000000000,0.0000000000
220.4094130993,1.4454375000,360.0000000000,0.0000000000
220.5094258785,1.4452500000,360.0000000000,0.0000000000
220.6094138622,1.4450625000,360.0000000000,0.0000000000
220.7094316483,1.4448750000,360.0000000000,0.0000000000
220.8095662594,1.4446875000,360.0000000000,0.0000000000
220.9094245434,1.4443125000,360.0000000000,0.0000000000
221.0094177723,1.4443125000,360.0000000000,0.0000000000
221.1094214916,1.4437500000,360.0000000000,0.0000000000
221.2094173431,1.4439375000,360.0000000000,0.0000000000
221.3094191551,1.4437500000,360.0000000000,0.0000000000
221.4094183445,1.4430000000,360.0000000000,0.0000000000
221.5094201565,1.4433750000,360.0000000000,0.0000000000
221.6096239090,1.4418750000,360.0000000000,0.0000000000
221.7094268799,1.4424375000,360.0000000000,0.0000000000
221.8094220161,1.4428125000,360.0000000000,0.0000000000
221.9094190598,1.4424375000,360.0000000000,0.0000000000
222.0094146729,1.4424375000,360.0000000000,0.0000000000
222.1094233990,1.4422500000,360.0000000000,0.0000000000
222.2094161510,1.4416875000,360.0000000000,0.0000000000
222.3094251156,1.4418750000,360.0000000000,0.0000000000
222.4094276428,1.4411250000,360.0000000000,0.0000000000
222.5094637871,1.4409375000,360.0000000000,0.0000000000
222.6094496250,1.4401875000,360.0000000000,0.0000000000
222.7094423771,1.4398125000,360.0000000000,0.0000000000
222.8094327450,1.4396250000,360.0000000000,0.0000000000
222.9094796181,1.4396250000,360.0000000000,0.0000000000
223.0094382763,1.4396250000,360.0000000000,0.0000000000
223.1095781326,1.4390625000,360.0000000000,0.0000000000
223.2094638348,1.4390625000,360.0000000000,0.0000000000
223.3094406128,1.4386875000,360.0000000000,0.0000000000
223.4094595909,1.4388750000,360.0000000000,0.0000000000
223.5094618797,1.4390625000,360.0000000000,0.0000000000
223.6094851494,1.4390625000,360.0000000000,0.0000000000
223.7094128132,1.4383125000,360.0000000000,0.0000000000
223.8094539642,1.4381250000,360.0000000000,0.0000000000
223.9095342159,1.4383125000,360.0000000000,0.0000000000
224.0094287395,1.4383125000,360.0000000000,0.0000000000
224.1093988419,1.4379375000,360.0000000000,0.0000000000
224.2095448971,1.4379375000,360.0000000000,0.0000000000
224.3094067574,1.4377500000,360.0000000000,0.0000000000
224.4094126225,1.4375625000,360.0000000000,0.0000000000
224.5095436573,1.4373750000,360.0000000000,0.0000000000
224.6095199585,1.4370000000,360.0000000000,0.0000000000
224.7095725536,1.4370000000,360.0000000000,0.0000000000
224.8095238209,1.4368125000,360.0000000000,0.0000000000
224.9094297886,1.4362500000,360.0000000000,0.0000000000
225.0093989372,1.4364375000,360.0000000000,0.0000000000
225.1094059944,1.4360625000,360.0000000000,0.0000000000
225.2094147205,1.4356875000,360.0000000000,0.0000000000
225.3093914986,1.4356875000,360.0000000000,0.0000000000
225.4094092846,1.4353125000,360.0000000000,0.0000000000
225.5094063282,1.4351250000,360.0000000000,0.0000000000
225.6094086170,1.4349375000,360.0000000000,0.0000000000
225.7094113827,1.4347500000,360.0000000000,0.0000000000
225.8094174862,1.4345625000,360.0000000000,0.0000000000
225.9094097614,1.4343750000,360.0000000000,0.0000000000
226.0094048977,1.4341875000,360.0000000000,0.0000000000
226.1094415188,1.4340000000,360.0000000000,0.0000000000
226.2093856335,1.4341875000,360.0000000000,0.0000000000
226.3094456196,1.4340000000,360.0000000000,0.0000000000
226.4095571041,1.4336250000,360.0000000000,0.0000000000
226.5094323158,1.4334375000,360.0000000000,0.0000000000
226.6094179153,1.4332500000,360.0000000000,0.0000000000
226.7094225883,1.4326875000,360.0000000000,0.0000000000
226.8094060421,1.4325000000,360.0000000000,0.0000000000
226.9094340801,1.4325000000,360.0000000000,0.0000000000
227.0094017982,1.4323125000,360.0000000000,0.0000000000
227.1094188690,1.4323125000,360.0000000000,0.0000000000
227.2094142437,1.4317500000,360.0000000000,0.0000000000
227.3094286919,1.4321250000,360.0000000000,0.0000000000
227.4094741344,1.4313750000,360.0000000000,0.0000000000
227.5094239712,1.4315625000,360.0000000000,0.0000000000
227.6094160080,1.4313750000,360.0000000000,0.0000000000
227.7094171047,1.4308125000,360.0000000000,0.0000000000
227.8094267845,1.4310000000,360.0000000000,0.0000000000
227.9094204903,1.4308125000,360.0000000000,0.0000000000
228.0094113350,1.4308125000,360.0000000000,0.0000000000
228.1094295979,1.4306250000,360.0000000000,0.0000000000
228.2094283104,1.4302500000,360.0000000000,0.0000000000
228.3094146252,1.4300625000,360.0000000000,0.0000000000
228.4094190598,1.4296875000,360.0000000000,0.0000000000
228.5094132423,1.4263125000,360.0000000000,0.0000000000
228.6094341278,1.4293125000,360.0000000000,0.0000000000
228.7094464302,1.4253750000,360.0000000000,0.0000000000
228.8096129894,1.4285625000,360.0000000000,0.0000000000
228.9094562531,1.4278125000,360.0000000000,0.0000000000
229.0094640255,1.4278125000,360.0000000000,0.0000000000
229.1095645428,1.4265000000,360.0000000000,0.0000000000
229.2094805241,1.4270625000,360.0000000000,0.0000000000
229.3094630241,1.4266875000,360.0000000000,0.0000000000
229.4094684124,1.4242500000,360.0000000000,0.0000000000
229.5094730854,1.4263125000,360.0000000000,0.0000000000
229.6094651222,1.4244375000,360.0000000000,0.0000000000
229.7094855309,1.4266875000,360.0000000000,0.0000000000
229.8096308708,1.4248125000,360.0000000000,0.0000000000
229.9094119072,1.4272500000,360.0000000000,0.0000000000
230.0095133781,1.4240625000,360.0000000000,0.0000000000
230.1094183922,1.4259375000,360.0000000000,0.0000000000
230.2094578743,1.4242500000,360.0000000000,0.0000000000
230.3094160557,1.4261250000,360.0000000000,0.0000000000
230.4096438885,1.4180625000,360.0000000000,0.0000000000
230.5094611645,1.4201250000,360.0000000000,0.0000000000
230.6095578671,1.4259375000,360.0000000000,0.0000000000
230.7095422745,1.4195625000,360.0000000000,0.0000000000
230.8094239235,1.4253750000,360.0000000000,0.0000000000
230.9094202518,1.4193750000,360.0000000000,0.0000000000
231.0094184875,1.4253750000,360.0000000000,0.0000000000
231.1094136238,1.4190000000,360.0000000000,0.0000000000
231.2094156742,1.4246250000,360.0000000000,0.0000000000
231.3095583916,1.4186250000,360.0000000000,0.0000000000
231.4094238281,1.4242500000,360.0000000000,0.0000000000
231.5094211102,1.4178750000,360.0000000000,0.0000000000
231.6094129086,1.4236875000,360.0000000000,0.0000000000
231.7094087601,1.4176875000,360.0000000000,0.0000000000
231.8094139099,1.4233125000,360.0000000000,0.0000000000
231.9094262123,1.4233125000,360.0000000000,0.0000000000
232.0094289780,1.4231250000,360.0000000000,0.0000000000
232.1094667912,1.4233125000,360.0000000000,0.0000000000
232.2094116211,1.4227500000,360.0000000000,0.0000000000
232.3094334602,1.4225625000,360.0000000000,0.0000000000
232.4094736576,1.4227500000,360.0000000000,0.0000000000
232.5094087124,1.4225625000,360.0000000000,0.0000000000
232.6094498634,1.4223750000,360.0000000000,0.0000000000
232.7094342709,1.4221875000,360.0000000000,0.0000000000
232.8095812798,1.4220000000,360.0000000000,0.0000000000
232.9094312191,1.4216250000,360.0000000000,0.0000000000
233.0094132423,1.4218125000,360.0000000000,0.0000000000
233.1094315052,1.4216250000,360.0000000000,0.0000000000
233.2094483376,1.4214375000,360.0000000000,0.0000000000
233.3094155788,1.4208750000,360.0000000000,0.0000000000
233.4094207287,1.4210625000,360.0000000000,0.0000000000
233.5094172955,1.4206875000,360.0000000000,0.0000000000
233.6094160080,1.4205000000,360.0000000000,0.0000000000
233.7094125748,1.4206875000,360.0000000000,0.0000000000
233.8094267845,1.4205000000,360.0000000000,0.0000000000
233.9094333649,1.4203125000,360.0000000000,0.0000000000
234.0094308853,1.4201250000,360.0000000000,0.0000000000
234.1094303131,1.4199375000,360.0000000000,0.0000000000
234.2094249725,1.4195625000,360.0000000000,0.0000000000
234.3094270229,1.4195625000,360.0000000000,0.0000000000
234.4094147682,1.4190000000,360.0000000000,0.0000000000
234.5094339848,1.4191875000,360.0000000000,0.0000000000
234.6094312668,1.4190000000,360.0000000000,0.0000000000
234.7094249725,1.4186250000,360.0000000000,0.0000000000
234.8094744682,1.4186250000,360.0000000000,0.0000000000
234.9094438553,1.4176875000,360.0000000000,0.0000000000
235.0094406605,1.4173125000,360.0000000000,0.0000000000
235.1094310284,1.4175000000,360.0000000000,0.0000000000
235.2094371319,1.4173125000,360.0000000000,0.0000000000
235.3094403744,1.4169375000,360.0000000000,0.0000000000
235.4094469547,1.4169375000,360.0000000000,0.0000000000
235.5098016262,1.4169375000,360.0000000000,0.0000000000
235.6094658375,1.4167500000,360.0000000000,0.0000000000
235.7094562054,1.4165625000,360.0000000000,0.0000000000
235.8094973564,1.4167500000,360.0000000000,0.0000000000
235.9095237255,1.4169375000,360.0000000000,0.0000000000
236.0095324516,1.4167500000,360.0000000000,0.0000000000
236.1094088554,1.4165625000,360.0000000000,0.0000000000
236.2094187737,1.4163750000,360.0000000000,0.0000000000
236.3094401360,1.4160000000,360.0000000000,0.0000000000
236.4094076157,1.4160000000,360.0000000000,0.0000000000
236.5095524788,1.4158125000,360.0000000000,0.0000000000
236.6094026566,1.4154375000,360.0000000000,0.0000000000
236.7094073296,1.4152500000,360.0000000000,0.0000000000
236.8094017506,1.4150625000,360.0000000000,0.0000000000
236.9094116688,1.4150625000,360.0000000000,0.0000000000
237.0095317364,1.4150625000,360.0000000000,0.0000000000
237.1094243526,1.4150625000,360.0000000000,0.0000000000
237.2094209194,1.4146875000,360.0000000000,0.0000000000
237.3094027042,1.4146875000,360.0000000000,0.0000000000
237.4095029831,1.4135625000,360.0000000000,0.0000000000
237.5094201565,1.4139375000,360.0000000000,0.0000000000
237.6094040871,1.4141250000,360.0000000000,0.0000000000
237.7094001770,1.4137500000,360.0000000000,0.0000000000
237.8094003201,1.4135625000,360.0000000000,0.0000000000
237.9095277786,1.4135625000,360.0000000000,0.0000000000
238.0095338821,1.4135625000,360.0000000000,0.0000000000
238.1094186306,1.4128125000,360.0000000000,0.0000000000
238.2094168663,1.4126250000,360.0000000000,0.0000000000
238.3094189167,1.4126250000,360.0000000000,0.0000000000
238.4093992710,1.4124375000,360.0000000000,0.0000000000
238.5094208717,1.4126250000,360.0000000000,0.0000000000
238.6093814373,1.4124375000,360.0000000000,0.0000000000
238.7093887329,1.4124375000,360.0000000000,0.0000000000
238.8094556332,1.4120625000,360.0000000000,0.0000000000
238.9093935490,1.4122500000,360.0000000000,0.0000000000
239.0095756054,1.4120625000,360.0000000000,0.0000000000
239.1094059944,1.4113125000,360.0000000000,0.0000000000
239.2094094753,1.4115000000,360.0000000000,0.0000000000
239.3094274998,1.4113125000,360.0000000000,0.0000000000
239.4094169140,1.4113125000,360.0000000000,0.0000000000
239.5094277859,1.4111250000,360.0000000000,0.0000000000
239.6094334126,1.4105625000,360.0000000000,0.0000000000
239.7094178200,1.4107500000,360.0000000000,0.0000000000
239.8094155788,1.4105625000,360.0000000000,0.0000000000
239.9094257355,1.4103750000,360.0000000000,0.0000000000
